256 128
21 49 62 74 49 79 33 71 90 61 18 42 42 71 73 61 42 9 66 61 22 83 40 67 53 19 99 70 13 70 53 88 27 36 23 84 58 92 50 47 93 100 51 62 42 88 92 49 58 8 0 9 45 91 98 3 68 51 63 82 19 32 66 37 90 26 80 73 12 86 29 26 87 90 23 62 88 40 65 56 55 56 61 69 22 51 2 21 2 3 51 41 41 91 98 73 46 25 96 5 27 56 86 52 6 18 40 80 41 1 33 100 24 89 66 52 75 30 37 63 21 97 27 23 16 81 3 16 
91 64 67 73 88 19 65 56 95 43 80 65 20 56 7 89 76 28 52 25 11 60 43 25 73 26 20 37 62 53 70 63 85 22 28 91 92 100 0 28 52 74 16 7 61 79 3 53 54 73 82 11 5 21 69 23 59 78 37 82 68 27 3 0 33 24 79 29 12 77 44 54 1 60 68 72 27 73 87 36 58 90 21 53 52 1 31 70 2 33 39 59 46 93 93 54 17 64 55 17 4 31 96 96 34 14 39 50 71 43 11 97 37 84 88 69 55 92 80 88 84 73 1 7 39 28 69 87 
22 14 14 60 51 57 39 96 33 76 27 35 89 68 71 32 72 32 49 48 32 36 6 83 39 51 34 80 76 22 60 51 34 33 65 40 66 54 36 25 4 67 93 57 42 53 15 87 39 58 8 75 20 79 75 47 36 6 90 68 98 87 27 91 74 85 83 15 69 4 78 96 88 27 31 76 12 80 20 77 71 54 56 21 38 51 23 65 100 41 57 83 64 86 92 91 61 72 30 43 31 65 14 76 11 1 8 17 91 11 11 61 26 22 33 94 48 12 11 51 9 14 54 82 74 53 31 70 
91 37 53 56 24 23 25 69 48 98 35 11 21 91 66 50 24 18 63 3 17 5 1 92 47 64 3 98 99 7 53 63 60 46 47 85 0 55 42 67 10 65 4 57 95 6 23 21 54 84 4 34 24 69 80 11 51 47 100 91 55 38 51 58 73 97 84 53 25 53 45 88 100 58 53 53 32 51 14 4 21 24 19 35 28 43 50 71 16 27 12 86 56 55 4 14 96 93 54 71 75 12 57 39 45 48 43 16 16 59 57 96 36 23 88 93 21 44 75 36 51 26 26 1 52 65 93 53 
79 33 68 37 21 90 59 98 22 93 30 48 80 60 46 96 50 20 53 91 98 64 66 49 42 9 24 27 25 56 21 31 73 9 48 19 92 62 64 36 92 97 39 94 55 87 16 26 99 37 41 52 73 56 39 81 57 61 97 50 83 6 8 31 0 83 4 66 19 54 31 22 47 73 59 56 28 1 21 3 94 27 25 32 12 52 12 46 43 81 82 72 39 35 14 81 73 87 66 83 85 24 5 49 84 7 26 71 87 43 14 36 97 43 78 75 2 15 49 72 92 98 51 57 91 0 32 12 
79 53 80 6 43 55 61 83 31 65 54 12 11 43 85 40 52 19 35 35 34 88 4 84 8 29 85 54 77 50 69 51 6 0 63 50 73 26 32 9 81 38 88 49 66 72 33 37 81 46 25 3 41 90 54 96 63 15 65 47 36 50 73 61 82 63 58 64 25 4 25 48 52 45 23 52 2 76 77 43 2 26 21 14 26 80 64 83 20 23 50 57 66 88 79 82 37 62 28 38 39 18 77 75 43 74 49 100 54 57 66 43 91 78 18 49 50 59 82 3 23 67 68 83 27 1 27 68 
35 35 99 29 59 18 84 49 40 1 55 86 21 45 85 75 78 4 52 71 3 43 31 71 22 52 66 24 80 43 9 40 93 60 69 27 93 65 27 97 74 34 20 8 24 26 61 29 91 38 17 98 41 70 96 22 38 7 35 2 57 96 87 92 44 62 86 45 49 56 75 41 71 55 7 39 57 25 51 48 32 84 53 96 39 66 57 34 68 79 47 61 24 37 5 15 51 80 28 17 78 11 38 34 98 23 29 71 43 99 23 71 59 40 40 88 69 83 35 61 9 79 91 19 69 48 46 77 
18 93 8 25 81 99 27 36 5 56 98 100 35 85 94 58 82 72 54 63 4 35 26 15 0 18 87 86 74 1 52 68 1 3 40 62 19 12 42 31 69 54 56 81 34 11 51 28 46 1 100 32 8 15 56 22 68 26 98 90 9 67 93 64 69 9 18 82 2 12 56 35 18 79 41 37 56 29 99 8 29 32 93 4 79 59 19 64 96 31 17 47 54 80 29 41 97 69 22 61 89 28 72 31 16 77 23 82 75 78 82 25 75 86 64 80 24 33 33 56 45 95 20 4 10 12 78 99 
10 4 4 50 80 5 49 7 16 75 3 72 58 10 15 4 77 68 74 78 11 25 39 16 8 64 20 98 66 83 16 57 7 39 33 38 37 48 8 13 32 27 18 76 87 13 83 92 66 89 44 47 53 9 5 61 24 84 14 23 2 75 36 9 20 80 8 38 28 12 46 79 91 0 11 46 29 50 59 63 69 22 71 63 36 76 78 63 8 20 26 19 38 10 59 43 45 19 43 70 91 51 8 53 21 41 85 46 55 47 67 89 81 10 13 71 99 13 40 43 56 19 82 92 54 99 51 68 
74 38 44 25 7 14 57 71 1 64 8 97 67 63 35 9 97 20 59 5 85 79 5 62 95 7 47 63 45 83 93 60 66 1 73 50 68 72 2 92 56 76 45 54 22 18 86 3 8 14 65 88 16 37 72 2 5 68 33 13 57 59 77 27 47 48 75 88 25 55 23 16 87 99 0 38 15 43 24 19 8 10 31 47 49 58 76 15 79 36 37 11 24 12 53 72 21 56 99 34 78 21 30 7 28 68 92 12 55 90 2 78 22 44 1 43 51 18 35 50 48 96 81 79 83 64 77 47 
98 86 86 39 18 21 15 88 75 84 70 76 70 6 11 56 20 72 65 90 5 4 69 89 86 76 50 67 27 53 32 99 43 99 39 100 76 33 36 84 70 26 60 15 48 28 78 96 27 5 95 86 31 30 84 85 71 47 59 7 14 24 4 65 68 45 78 81 36 19 60 85 54 47 6 19 66 52 55 85 95 4 16 7 74 8 98 15 97 53 72 60 8 42 42 67 38 15 61 55 26 25 26 69 92 92 90 92 2 4 9 49 25 69 75 76 69 33 23 41 45 41 49 3 66 37 57 56 
28 88 5 38 18 77 32 84 84 16 23 64 97 56 16 62 79 78 7 84 97 82 89 3 57 40 86 84 79 43 15 93 75 2 66 85 86 98 7 57 56 44 16 59 10 48 50 28 81 8 22 37 52 70 25 81 90 81 94 86 88 32 13 92 59 82 94 43 94 50 21 93 24 41 34 13 75 58 54 21 19 93 26 30 18 72 87 82 92 22 10 16 78 48 59 21 48 85 77 41 86 43 16 95 15 70 19 15 20 77 85 28 32 3 42 63 64 29 8 48 80 50 9 29 29 58 51 99 
22 100 89 59 15 29 35 98 87 96 88 98 1 59 42 84 37 81 59 52 55 54 57 47 93 19 30 28 28 66 8 9 34 89 89 18 88 13 96 86 99 47 41 100 75 43 58 80 98 42 68 18 36 46 80 44 36 51 54 71 5 58 19 16 91 31 46 87 69 37 26 50 70 70 36 55 43 37 72 41 92 65 54 31 19 70 94 37 73 94 86 1 65 64 39 85 42 64 86 2 66 98 11 28 92 54 70 20 100 82 97 73 86 95 52 66 63 62 39 45 56 46 3 40 91 57 74 44 
47 50 27 64 51 42 96 39 80 23 2 49 20 26 8 64 17 24 35 91 94 31 11 99 5 70 6 27 82 88 41 61 70 77 9 66 26 100 16 50 23 76 23 51 83 11 19 23 93 29 61 13 38 17 94 1 51 64 45 37 39 76 83 42 88 13 29 3 37 69 70 100 91 24 97 84 72 3 23 92 99 15 47 100 37 3 28 67 47 66 65 92 54 47 29 21 88 6 23 90 54 91 63 66 91 23 7 71 58 99 92 56 81 59 90 80 22 39 47 49 19 78 27 90 40 16 99 13 
46 29 41 4 10 5 91 63 12 18 2 55 53 7 47 30 31 56 20 37 90 36 45 55 71 24 47 75 20 73 21 73 58 56 21 79 76 28 69 32 11 43 57 78 64 98 71 6 78 5 45 95 3 84 7 16 28 1 85 30 54 73 37 20 79 26 33 16 4 81 48 36 85 35 44 20 14 72 41 52 61 90 88 88 68 91 73 43 22 29 4 41 5 34 10 11 91 89 47 46 17 49 77 30 71 42 16 97 50 30 35 9 28 63 78 83 79 24 50 73 38 91 0 44 94 34 54 43 
17 32 89 58 1 71 82 3 73 23 85 100 70 17 43 64 74 10 90 25 24 96 28 99 41 81 29 60 52 92 24 60 83 1 16 70 89 53 34 92 87 90 41 59 20 91 45 3 5 27 45 81 86 51 28 74 78 23 9 4 59 53 48 43 80 46 90 89 95 45 89 96 7 95 100 78 87 27 12 28 12 56 61 34 84 86 1 77 35 7 78 22 99 81 52 84 32 47 43 72 77 3 62 68 96 89 10 37 13 61 33 71 33 72 87 87 27 51 3 13 10 64 29 13 45 36 68 98 
11 27 48 25 40 71 89 99 51 45 22 70 21 32 36 44 37 40 35 28 60 3 55 86 46 25 15 32 77 55 69 22 31 82 87 29 31 99 33 14 91 50 79 73 48 26 77 74 85 24 30 22 93 25 69 76 76 56 85 44 7 57 27 39 4 8 1 45 82 90 56 36 26 36 61 65 50 51 37 21 40 10 44 40 60 84 52 67 37 49 79 69 21 16 99 19 35 52 41 18 24 79 16 78 16 91 20 69 62 4 97 32 75 68 87 22 50 38 24 41 7 83 3 62 42 84 93 23 
78 39 66 3 97 90 89 34 40 23 14 56 28 84 79 26 93 94 50 37 87 95 44 9 15 26 65 65 87 44 81 96 75 8 86 24 2 54 57 43 50 57 13 92 98 74 91 67 25 50 69 100 76 85 52 20 32 52 79 91 83 75 0 11 18 50 57 32 87 5 20 97 31 35 56 10 84 33 47 74 63 73 12 73 18 96 47 81 18 84 60 19 73 60 19 44 26 76 63 48 56 10 57 88 85 91 59 59 0 98 36 52 63 23 45 66 52 5 73 54 6 74 51 67 17 68 16 23 
29 70 88 56 57 51 54 19 32 9 74 85 86 50 15 15 27 98 32 9 82 13 68 11 19 3 70 0 100 75 50 60 11 48 86 73 70 23 99 37 28 13 36 23 72 99 21 12 25 79 57 68 93 82 67 30 52 64 7 48 48 47 18 95 44 30 98 71 53 42 47 84 41 87 60 19 6 57 33 38 100 44 85 74 93 58 73 3 85 78 4 5 43 28 6 95 19 64 63 60 7 60 53 79 0 19 67 56 21 65 22 17 17 70 67 46 25 70 47 86 21 91 54 22 95 51 71 37 
19 1 6 30 89 4 72 12 79 97 84 61 40 20 50 0 89 60 81 26 20 11 86 71 26 24 62 5 55 53 14 19 35 63 73 97 82 19 84 71 26 84 43 49 18 84 51 57 99 74 5 85 6 4 79 8 52 51 94 67 30 41 54 30 61 16 66 56 82 77 88 75 95 46 92 10 61 73 47 72 74 82 72 60 26 60 60 83 47 84 28 60 97 37 28 30 45 21 61 31 100 82 54 17 10 71 96 4 0 15 35 13 32 22 87 100 67 65 94 87 93 52 71 95 28 58 83 80 
99 32 43 78 95 20 100 92 39 60 51 98 77 67 52 45 35 87 89 77 8 10 80 36 30 28 95 18 57 30 57 92 73 57 49 81 15 81 90 43 26 98 3 8 88 95 44 3 34 73 47 74 57 40 79 74 3 90 58 68 98 64 84 10 69 99 2 56 24 67 36 8 3 79 49 70 63 55 76 91 76 22 27 73 55 50 67 6 5 71 24 70 71 60 0 8 33 73 47 12 58 72 27 58 85 89 27 29 97 78 40 59 94 33 65 31 3 51 22 64 98 86 7 92 71 40 62 19 
37 16 60 32 73 36 65 63 23 60 31 38 96 82 43 48 58 100 97 73 29 37 18 4 28 68 89 46 71 46 42 53 25 69 77 85 75 33 15 32 48 80 87 4 91 63 60 85 21 4 73 35 64 23 22 92 50 45 83 0 90 38 62 95 62 29 98 39 62 1 94 25 86 51 88 14 48 58 94 31 18 1 61 51 19 64 28 96 54 69 14 29 30 44 84 53 34 79 2 84 50 4 52 36 8 2 2 33 83 47 79 44 70 11 40 93 30 48 75 85 63 4 37 78 33 10 20 99 
36 70 73 72 75 62 4 9 48 0 16 58 50 30 58 6 13 80 1 20 55 73 6 28 77 100 95 23 100 13 14 74 43 92 34 83 65 76 58 62 79 34 2 57 40 71 45 19 36 93 92 5 88 60 73 39 6 20 37 23 69 97 61 25 92 69 100 82 97 92 53 11 16 90 21 52 41 2 34 82 40 80 3 8 19 81 78 99 16 67 27 61 80 74 85 4 88 19 99 47 15 71 97 79 65 4 92 15 35 22 72 11 80 90 7 8 76 98 20 72 36 3 51 24 22 70 88 57 
40 85 81 4 96 71 1 39 33 28 1 50 83 5 81 42 11 6 66 30 17 48 83 43 54 67 32 24 62 97 64 59 13 74 23 43 26 54 7 27 16 96 6 82 4 87 62 36 69 39 18 45 8 82 47 38 24 58 34 59 43 76 64 60 84 53 40 59 13 59 50 62 2 38 16 25 20 61 42 37 66 34 52 22 39 57 6 16 27 73 39 2 86 98 24 36 10 97 23 85 62 1 96 46 19 59 68 45 10 96 6 2 55 86 70 98 13 62 77 32 89 100 11 85 22 38 37 91 
82 93 65 100 7 85 7 43 6 93 34 16 46 71 28 86 38 87 9 34 0 68 61 65 64 18 17 74 94 34 37 41 33 55 75 89 59 28 77 71 99 26 56 84 34 23 49 41 63 0 30 16 4 77 36 100 14 31 6 53 89 13 30 55 64 24 38 5 59 47 45 36 99 7 27 1 81 54 48 62 36 12 12 94 28 11 5 7 61 86 69 84 18 28 73 77 4 46 0 12 71 4 11 92 25 35 4 8 49 25 75 35 15 86 87 98 52 19 36 94 87 81 26 83 51 5 89 91 
76 98 69 75 32 76 15 83 31 46 4 50 72 74 16 76 50 100 52 95 30 17 72 3 46 18 42 44 24 52 91 48 33 99 96 78 75 41 45 63 54 89 88 9 67 82 64 68 63 43 14 12 49 4 9 39 2 18 61 64 20 90 21 44 75 35 97 55 32 55 83 49 10 72 40 28 69 88 66 58 61 2 2 96 35 20 24 86 19 17 20 88 72 66 68 98 86 21 13 94 83 72 76 15 79 73 60 43 100 50 56 42 58 69 76 86 70 11 31 20 30 1 78 48 9 41 68 24 
71 61 53 82 7 67 30 30 62 56 14 48 25 17 65 70 71 42 22 42 53 80 4 48 97 39 70 52 47 22 41 38 29 50 67 66 53 44 98 83 76 67 71 89 8 93 17 75 55 75 25 65 86 4 47 28 47 9 90 11 6 37 16 28 17 2 60 37 56 20 91 71 16 16 4 59 30 65 81 32 57 65 0 96 52 36 30 5 14 65 40 91 13 16 43 29 31 20 4 22 25 51 41 87 36 26 35 76 61 80 28 93 89 10 3 36 20 13 55 77 5 5 45 35 84 34 13 19 
93 5 78 79 5 4 65 67 64 91 79 45 92 72 60 90 31 28 30 22 86 3 41 33 59 87 100 62 80 51 81 84 5 38 66 97 28 54 63 75 23 5 42 71 17 4 40 7 9 9 74 94 39 29 84 28 69 6 100 28 61 8 14 83 40 3 19 83 37 37 51 39 34 81 6 23 76 49 68 61 24 30 58 23 100 11 9 25 68 51 52 83 85 83 55 40 28 44 24 33 22 37 85 1 74 48 64 53 90 51 22 5 42 21 97 1 29 86 69 47 35 80 59 55 59 21 21 62 
36 38 14 59 77 51 38 88 80 79 42 83 32 85 67 47 96 41 97 39 97 26 21 8 66 54 80 89 0 35 64 6 62 16 43 78 51 34 72 80 57 57 40 96 47 14 76 52 93 12 16 78 58 61 60 68 28 44 54 54 98 73 63 23 79 44 78 87 0 23 81 40 63 37 18 54 54 37 100 67 33 63 37 75 84 51 20 11 42 82 50 41 60 33 100 94 89 21 71 18 91 78 32 4 28 25 99 1 26 2 48 86 57 30 88 7 10 87 3 75 83 9 25 12 92 98 81 37 
64 16 72 46 96 62 51 4 19 59 74 55 39 29 74 69 43 48 21 20 44 80 44 48 99 7 87 79 59 99 77 67 63 86 82 98 44 45 2 2 1 54 72 93 14 19 0 40 36 91 88 78 70 40 23 83 65 99 11 99 13 79 25 74 81 62 58 23 87 28 53 83 41 38 69 25 25 24 69 19 4 46 82 59 5 38 53 48 38 35 75 23 97 77 93 45 82 80 3 18 13 76 9 59 81 19 48 100 15 31 47 40 77 68 74 88 35 76 99 45 38 8 100 78 11 89 66 23 
100 60 16 3 74 88 93 12 84 41 84 1 14 28 29 40 83 84 9 35 73 79 70 58 88 43 28 4 92 27 9 54 0 90 52 47 25 46 48 32 77 69 71 16 1 37 8 45 50 96 4 7 5 58 75 42 98 22 7 98 33 62 94 60 31 11 93 58 64 66 71 35 4 47 78 6 87 97 19 51 19 58 99 100 26 2 80 79 92 100 75 88 3 6 66 35 70 14 0 25 11 69 39 61 16 100 86 38 4 70 100 77 58 62 3 2 92 13 42 91 27 59 25 25 23 65 16 65 
15 94 8 26 28 42 20 18 31 34 68 96 52 1 20 37 49 68 81 33 68 47 16 37 69 93 61 1 63 37 37 99 25 65 77 59 31 11 11 12 46 93 86 62 84 53 68 46 43 26 25 8 69 37 59 56 25 38 58 11 67 78 88 84 50 14 67 49 9 45 63 59 48 80 66 26 2 54 19 16 93 23 2 96 7 75 26 83 78 6 41 51 99 1 7 85 53 31 49 98 0 10 65 91 2 36 54 8 51 35 99 47 73 12 73 87 3 77 1 66 29 81 89 72 9 52 0 45 
55 0 31 99 91 95 89 7 82 74 67 39 67 46 63 71 18 3 14 81 59 76 23 57 58 79 83 72 91 58 18 66 50 56 12 74 63 84 24 34 93 22 27 78 48 21 26 82 62 57 31 51 94 95 21 93 55 53 7 24 81 81 1 11 75 84 19 69 84 90 68 29 35 26 45 80 98 68 25 46 33 24 35 74 46 44 71 14 34 4 67 98 39 16 20 14 54 34 16 99 90 15 5 12 94 65 74 15 30 82 24 66 41 60 43 92 26 52 80 55 59 33 56 84 39 29 88 2 
60 90 69 91 81 28 22 72 27 46 9 64 27 90 83 72 37 39 84 32 26 65 63 3 72 87 86 81 13 91 15 5 2 6 83 21 25 57 16 18 26 39 57 78 59 26 81 62 9 86 30 37 95 47 47 99 60 80 51 40 56 67 94 51 15 97 74 67 27 60 69 61 67 5 48 11 99 34 90 100 21 6 71 54 36 66 7 81 85 59 11 64 12 55 21 68 79 55 5 65 54 95 26 56 83 66 9 56 70 24 17 34 42 38 92 95 78 33 56 17 17 96 6 28 13 84 41 22 
94 50 78 30 52 45 27 50 13 1 59 17 49 32 20 98 9 0 12 86 14 41 11 54 68 67 85 89 70 10 43 54 93 88 49 52 61 55 92 55 30 42 94 82 87 76 71 24 18 53 4 60 28 58 0 58 96 21 76 47 26 10 51 60 15 90 1 22 31 92 74 12 52 97 35 22 80 34 34 21 24 10 54 9 2 75 2 41 29 90 85 62 70 33 18 59 32 5 35 83 53 68 69 95 21 72 64 74 28 65 35 77 81 47 22 25 34 45 15 23 94 4 13 59 32 18 76 51 
23 98 16 84 98 28 57 55 2 77 36 40 96 7 57 86 62 94 10 14 4 0 0 15 81 41 23 59 7 93 21 68 91 23 83 77 28 76 54 97 93 36 43 31 61 95 31 71 34 88 99 48 36 3 21 92 74 10 56 72 50 43 93 29 14 9 100 37 38 43 88 84 42 12 52 58 18 77 89 23 46 73 66 83 25 25 60 49 42 86 58 90 30 15 36 52 98 12 56 44 100 33 56 31 85 23 48 82 3 4 27 81 47 17 55 52 18 42 62 50 34 18 39 20 97 38 56 16 
83 57 56 54 29 12 3 13 25 69 41 31 83 38 30 18 31 83 9 42 88 17 17 0 15 8 13 84 33 96 9 46 83 45 100 47 36 99 75 43 3 34 66 37 98 80 43 57 13 22 78 31 40 30 15 37 22 66 60 38 62 98 14 39 26 72 6 52 74 56 41 33 82 91 80 10 33 59 41 14 25 34 95 87 24 44 53 28 72 78 33 40 78 43 83 21 61 31 3 59 81 1 44 11 14 21 84 66 78 20 25 67 0 37 8 67 3 9 87 30 4 73 75 54 13 12 6 16 
89 91 97 34 7 11 49 97 38 10 12 18 16 60 77 76 10 31 89 24 26 99 13 55 84 80 15 6 51 18 97 87 65 72 47 18 12 25 64 95 24 53 34 3 88 67 100 69 50 25 63 93 10 72 88 96 64 97 82 76 55 14 87 62 56 31 94 17 72 83 2 84 8 7 17 51 64 73 60 28 95 48 41 66 89 66 38 32 67 34 91 92 34 57 12 22 15 55 28 18 47 53 28 95 65 54 42 9 44 87 89 73 10 36 87 73 40 0 79 60 5 42 14 70 71 56 62 73 
53 49 83 10 71 28 74 2 26 71 82 77 60 86 35 45 38 48 30 82 17 79 40 8 69 58 17 19 11 64 47 42 12 14 62 36 46 78 25 13 42 61 13 39 7 25 78 66 3 100 79 13 19 43 95 56 25 61 28 12 5 45 76 22 50 1 90 13 71 78 93 60 41 31 13 91 39 72 15 12 99 17 66 60 38 54 40 59 46 69 22 1 69 41 74 13 89 38 90 37 96 21 12 64 31 65 63 93 27 79 91 84 64 26 90 3 16 33 42 4 41 84 50 12 10 29 46 51 
75 66 23 95 29 27 68 14 3 60 84 16 70 75 84 58 56 79 18 58 88 68 93 68 59 98 47 78 16 21 47 78 54 92 24 44 35 79 20 16 10 78 30 50 6 20 94 12 32 11 57 99 1 99 17 60 22 39 62 51 83 73 14 64 3 13 68 86 88 0 97 99 100 34 5 11 13 50 69 12 71 98 59 24 57 37 18 94 94 71 79 11 49 68 12 37 19 19 90 29 54 24 42 88 1 86 26 82 90 4 2 80 7 100 0 4 61 1 39 64 3 72 38 11 32 68 15 49 
20 35 20 52 21 24 10 14 31 19 48 45 32 66 98 95 23 83 40 77 25 54 29 76 95 67 48 51 48 30 67 96 73 21 85 31 98 86 54 22 72 88 3 25 3 5 100 27 97 44 97 50 55 77 13 10 0 20 5 0 54 42 58 23 62 69 92 83 24 68 92 65 20 79 82 29 83 43 38 65 53 88 61 27 90 32 78 49 52 84 64 45 43 83 5 7 78 34 69 47 31 84 7 67 71 14 41 6 43 41 71 33 8 58 54 65 30 44 89 80 39 82 68 41 4 24 87 87 
79 24 76 9 82 13 61 91 41 88 36 23 29 25 83 28 38 26 29 36 55 66 78 59 43 43 67 62 75 81 32 73 0 13 14 95 24 4 91 37 7 57 74 97 38 12 49 66 33 81 100 55 84 44 42 62 85 74 2 9 3 35 30 55 7 38 32 39 67 87 46 63 36 58 93 83 6 48 96 29 85 24 26 42 45 81 43 18 46 18 41 60 49 80 9 22 24 86 64 22 78 18 95 4 76 77 81 93 51 43 82 59 72 86 75 67 67 79 99 36 32 53 78 40 45 23 63 34 
20 10 59 11 14 91 48 24 76 87 11 97 100 26 23 15 47 3 12 64 63 54 10 43 19 7 25 68 97 46 32 78 74 14 35 46 40 91 80 56 84 42 64 71 28 81 61 84 5 88 52 94 32 34 80 13 13 65 33 62 12 23 31 38 12 38 17 39 98 71 73 30 7 89 33 80 48 54 12 74 5 1 97 83 43 43 51 4 66 31 55 41 62 2 96 52 61 70 37 29 51 47 63 30 16 13 25 5 65 69 22 73 17 30 14 96 100 65 67 25 82 32 65 14 88 24 68 96 
25 39 29 5 18 73 61 58 25 97 58 92 7 29 26 53 64 14 33 80 10 59 62 27 82 37 80 85 5 34 42 67 72 46 38 57 65 93 73 69 78 39 86 100 70 7 52 81 6 39 46 2 36 19 50 20 76 31 14 10 5 55 43 11 87 97 17 60 85 7 5 63 32 47 69 15 66 97 18 5 15 97 12 14 94 82 93 97 64 21 8 80 13 62 92 9 83 53 38 55 12 27 89 31 85 95 57 46 44 99 56 87 8 63 39 10 53 88 66 82 56 73 57 71 90 1 50 92 
94 12 56 10 96 30 76 15 28 1 62 73 88 71 81 29 13 49 58 41 9 54 26 96 21 72 69 55 31 16 40 12 44 79 17 32 72 76 61 96 94 3 38 18 34 32 50 6 0 47 90 0 26 62 65 30 23 93 67 49 100 85 77 22 14 21 62 38 41 20 25 47 72 30 3 10 5 66 86 44 51 92 58 86 78 35 24 84 15 49 26 78 40 14 6 9 86 55 25 14 40 15 25 46 11 19 4 43 86 10 21 70 88 51 83 49 85 34 15 31 33 22 4 54 34 51 4 99 
58 28 18 20 82 17 62 11 41 0 74 97 0 51 5 4 41 83 95 66 21 83 4 35 46 99 75 72 51 73 71 14 18 93 28 40 27 87 35 28 37 25 99 62 9 85 5 34 42 58 87 74 19 73 55 72 75 74 37 96 76 56 34 15 76 75 10 6 25 98 92 19 89 68 54 91 47 37 31 57 6 28 70 35 72 94 76 65 40 71 23 77 35 32 22 92 81 41 17 91 1 51 16 40 85 11 83 1 3 95 24 94 19 5 38 82 55 11 92 46 62 79 8 38 41 15 28 2 
55 93 74 67 13 46 31 70 78 85 95 4 86 53 38 33 26 0 76 43 2 68 10 79 30 80 92 69 35 68 83 48 26 85 77 87 80 78 70 77 6 79 60 17 52 31 44 4 98 50 39 25 6 79 27 70 22 47 74 66 86 42 57 76 23 42 46 46 77 11 1 44 35 21 23 5 74 55 76 12 44 17 48 39 98 43 95 32 99 47 26 18 50 39 6 46 8 90 18 79 56 93 77 34 55 11 89 94 31 87 16 81 21 27 7 78 86 96 67 18 30 84 19 46 97 80 51 42 
19 11 17 70 90 79 73 49 42 4 4 40 11 50 89 68 43 91 58 10 20 45 15 28 33 36 48 100 0 10 96 81 38 28 29 30 56 42 91 100 75 55 67 98 36 28 18 50 10 81 2 14 17 92 14 90 16 79 70 87 44 88 15 35 73 29 34 87 91 71 87 91 17 30 21 68 14 58 58 32 52 31 0 83 72 97 91 78 30 90 97 29 30 94 51 12 62 31 100 51 43 21 95 50 65 77 64 43 50 70 65 16 41 28 31 80 66 3 7 94 4 68 28 27 45 58 56 27 
4 85 77 81 79 46 74 39 51 27 94 45 89 64 76 5 47 87 67 68 87 30 60 34 59 17 22 53 8 26 51 33 16 45 57 58 34 33 93 22 100 74 71 28 41 89 70 23 81 50 92 63 38 93 76 78 58 0 27 71 100 6 71 49 65 50 66 0 17 28 46 39 20 54 15 39 71 3 61 89 71 76 76 82 37 64 28 55 35 47 27 74 60 36 47 20 40 60 39 36 62 40 75 46 11 47 56 86 30 71 39 38 9 95 25 93 77 4 72 98 24 5 77 18 29 87 65 11 
53 32 38 67 59 58 22 81 36 35 98 99 20 82 45 39 28 49 6 90 92 99 41 93 30 36 61 57 22 93 11 84 4 80 21 40 96 73 93 8 63 29 59 9 91 50 74 24 80 12 78 62 34 91 25 55 86 53 94 19 63 19 55 93 59 50 75 3 6 12 54 2 94 74 1 52 94 12 57 54 12 56 35 79 3 17 16 88 8 56 21 58 53 35 57 40 20 15 73 53 87 17 16 4 97 55 93 34 1 8 45 50 96 67 87 89 19 29 27 22 23 19 59 81 23 85 36 17 
19 57 39 83 93 62 61 35 95 10 13 69 79 42 17 52 2 90 96 70 39 100 19 67 39 31 99 40 17 78 86 31 69 6 65 46 30 20 28 7 69 74 19 98 68 68 64 99 29 50 19 89 77 19 31 42 76 5 14 35 0 32 38 62 96 25 66 33 89 88 8 74 65 44 19 29 76 15 70 23 97 5 23 82 62 40 74 95 89 70 35 98 19 58 91 53 30 62 16 54 49 4 70 69 97 13 21 82 85 7 16 19 14 13 3 8 36 2 1 98 87 23 76 17 47 24 11 42 
70 44 99 75 18 30 45 48 9 2 68 78 67 39 17 64 80 76 30 4 0 73 43 42 9 87 68 81 79 31 18 48 86 69 74 1 51 8 12 27 90 98 61 19 96 45 62 63 41 26 26 61 99 100 60 83 86 40 25 22 78 13 84 73 15 49 74 24 7 90 4 13 40 98 9 26 50 49 87 46 14 56 60 62 63 36 12 68 77 69 1 64 78 30 93 3 8 80 50 94 70 71 86 35 78 86 35 68 36 29 35 73 38 59 16 91 74 47 44 68 4 22 42 82 64 99 70 17 
7 37 81 29 78 79 32 77 61 2 92 95 65 58 50 55 37 12 39 2 79 10 44 62 52 70 4 0 76 81 12 46 70 24 16 32 96 46 70 98 80 29 39 16 1 94 5 80 64 35 9 11 94 23 100 48 26 98 28 63 20 59 44 78 70 38 51 5 23 98 61 23 50 62 54 54 44 9 34 27 68 52 90 69 83 88 0 57 90 30 17 62 23 34 62 70 7 73 81 0 32 43 17 83 9 2 60 45 72 72 94 61 52 77 35 46 22 27 43 35 9 61 44 19 23 55 36 59 
71 93 85 47 26 52 4 88 87 96 68 62 96 81 42 92 75 15 62 60 48 48 46 29 87 54 2 46 14 15 93 87 40 26 51 44 62 12 58 87 29 32 45 13 12 27 76 70 52 48 1 40 84 90 33 100 39 93 72 59 75 60 28 48 7 82 90 71 13 89 42 90 94 5 53 49 44 96 83 12 43 78 5 69 57 25 25 15 26 76 80 26 70 97 94 88 95 43 25 38 2 55 24 99 81 88 59 18 16 9 32 4 72 53 8 35 80 6 28 94 37 29 84 44 61 98 35 71 
27 43 64 63 4 45 96 12 91 10 48 14 41 51 91 29 5 54 32 29 17 86 61 93 6 80 99 39 73 11 82 89 14 6 55 0 47 9 35 99 86 7 71 21 17 3 39 72 39 42 71 26 18 83 88 27 57 87 65 29 3 40 20 6 33 39 21 40 72 81 4 53 60 30 40 70 85 83 13 1 16 2 5 99 13 9 64 75 99 98 32 60 74 100 99 78 63 34 6 55 47 24 7 44 96 0 26 90 78 89 39 52 67 54 87 35 51 61 37 20 27 10 9 4 73 81 90 52 
78 21 80 25 58 51 51 38 60 47 46 52 96 39 45 45 29 59 49 37 65 94 31 34 37 93 2 41 42 23 62 29 98 87 100 56 80 89 86 51 81 56 89 5 97 82 57 25 74 6 99 41 30 52 6 30 34 14 30 64 31 99 86 6 37 57 60 9 34 85 42 5 74 44 87 10 57 72 70 7 54 29 31 34 92 23 31 88 61 0 43 36 8 68 47 60 43 81 37 58 51 96 62 39 70 92 5 76 95 13 72 53 24 59 34 84 89 42 44 2 25 92 1 91 28 11 37 86 
32 78 24 77 85 71 54 18 76 4 21 44 37 64 90 84 39 66 33 81 65 38 71 57 61 87 71 42 51 31 67 93 45 64 98 39 4 58 16 34 37 85 69 54 40 47 47 14 56 24 45 57 82 13 35 5 26 55 72 12 42 96 55 95 35 72 10 42 0 26 96 11 12 12 47 4 32 15 73 11 68 19 6 77 7 22 43 24 64 5 14 86 26 33 63 43 87 48 99 77 12 77 51 34 59 8 83 38 45 28 50 80 80 94 6 63 66 90 55 21 77 56 48 75 21 60 20 38 
9 23 44 22 83 24 91 94 80 47 33 35 18 5 61 38 25 51 57 93 69 27 92 90 55 38 49 1 17 3 92 76 97 3 42 6 91 39 18 89 87 45 94 88 12 36 57 38 74 64 16 86 30 15 28 63 15 48 76 72 67 46 4 66 70 17 7 17 94 20 61 87 78 93 37 100 22 72 21 26 31 10 10 41 83 13 41 70 84 100 58 81 59 67 76 9 90 82 42 86 5 100 58 99 78 17 16 9 58 79 28 11 91 49 1 19 51 72 36 22 54 33 87 43 16 72 82 49 
80 82 84 54 80 35 93 92 43 10 2 37 1 83 61 21 72 23 45 53 29 61 24 67 26 94 79 52 4 54 24 14 17 59 20 72 3 57 79 4 77 50 74 33 66 31 49 29 49 35 86 65 5 98 54 34 48 24 49 18 43 91 64 29 69 40 86 18 73 40 36 34 17 18 17 72 96 24 46 75 79 36 91 63 24 69 4 57 64 23 13 57 31 76 50 77 2 85 29 19 63 61 34 17 73 59 62 82 42 24 7 25 0 62 42 91 75 8 31 33 38 61 78 70 82 19 21 62 
56 62 16 45 76 23 58 1 84 57 79 8 100 98 82 43 24 92 50 34 41 76 96 2 79 28 5 42 58 5 30 30 90 78 9 87 45 100 90 8 6 73 71 50 97 6 23 78 96 92 16 50 71 28 82 64 99 18 24 40 48 88 45 64 63 34 3 63 51 23 16 15 23 46 33 24 31 46 67 34 71 30 4 41 68 8 95 96 99 94 79 39 53 43 51 76 69 20 29 27 19 4 50 17 4 12 98 33 27 79 40 35 95 24 40 51 42 23 3 70 52 20 87 97 39 56 33 17 
95 31 15 73 67 0 41 62 2 5 86 23 8 87 19 12 49 4 41 39 8 80 13 68 94 87 28 19 91 97 72 27 59 87 64 56 68 87 27 90 10 55 89 26 68 57 12 100 10 56 53 51 95 25 27 24 23 67 91 98 44 61 5 2 47 29 93 25 37 40 30 84 19 95 13 62 37 91 80 0 63 100 97 58 11 72 85 72 52 60 10 40 57 11 14 96 30 59 88 38 78 100 51 47 69 10 8 38 70 76 93 90 100 96 67 8 8 72 72 4 57 56 68 59 71 82 86 76 
59 96 66 82 17 83 18 75 41 32 96 42 6 98 49 5 32 66 74 40 8 98 12 13 20 99 79 66 17 67 71 78 83 100 86 92 13 90 31 96 11 81 36 93 25 90 97 79 22 50 73 12 18 3 29 83 20 11 67 98 40 37 99 73 100 34 0 76 49 51 11 98 43 26 92 81 17 47 48 19 56 87 83 92 70 64 59 4 45 76 85 39 41 57 53 10 85 29 9 50 70 13 23 54 18 74 3 40 68 26 50 18 93 24 25 15 52 92 40 16 82 47 57 7 40 72 61 95 
38 97 30 36 94 44 88 85 84 63 28 23 88 2 18 98 5 86 91 55 25 87 12 70 63 53 42 37 23 5 38 32 83 61 52 4 64 83 80 48 23 6 29 90 2 31 56 95 71 27 3 100 51 42 54 21 13 55 87 59 31 89 16 91 89 80 10 14 42 48 32 72 24 54 97 65 38 46 69 82 78 59 73 18 58 4 93 15 31 75 1 94 14 91 39 87 9 4 61 95 11 50 79 31 34 32 35 73 17 42 2 47 84 62 56 61 17 16 34 19 76 31 84 82 23 41 12 66 
59 62 42 11 20 98 25 70 51 67 77 69 59 76 48 52 76 62 29 9 83 88 79 85 37 29 20 60 71 26 59 86 56 45 2 97 95 56 44 92 16 65 84 26 27 60 19 25 23 42 20 66 87 96 40 83 54 45 90 75 89 12 75 95 80 39 81 47 42 61 90 19 12 68 95 11 52 27 75 41 35 7 11 39 80 92 67 43 73 78 58 29 41 18 43 78 68 83 68 35 59 16 1 10 95 16 38 34 96 28 71 45 13 72 31 80 71 90 40 93 19 86 64 29 74 14 76 85 
32 78 53 55 86 34 4 99 22 2 32 9 73 0 7 74 36 77 87 42 70 15 58 96 92 86 11 52 90 94 88 32 54 82 70 84 51 17 91 88 37 21 42 11 35 73 38 90 17 86 27 66 41 64 78 59 4 78 27 43 56 19 3 78 23 33 52 1 45 35 77 96 7 52 62 83 13 1 11 24 4 96 18 12 52 35 65 10 100 58 36 65 95 38 6 55 84 40 38 23 94 4 91 58 70 16 19 57 81 65 31 87 8 39 12 33 61 73 29 12 20 86 84 88 16 18 33 4 
59 95 74 55 76 41 45 36 90 0 84 2 4 66 97 83 23 67 71 6 8 56 100 98 25 39 90 79 45 10 47 75 9 63 42 27 67 23 68 30 19 57 47 7 64 24 15 70 61 6 44 93 83 74 22 56 11 34 31 23 80 42 94 72 73 90 45 91 52 96 92 51 22 47 36 5 43 52 47 50 82 88 37 95 15 2 58 44 97 65 13 42 87 26 2 65 97 80 71 99 18 98 85 8 23 37 48 22 83 51 30 71 84 15 19 37 65 24 36 32 91 56 94 55 58 39 31 5 
11 72 35 88 43 22 60 96 34 15 51 65 35 10 92 34 34 0 44 52 46 1 54 48 86 72 87 40 18 90 100 29 58 43 100 75 75 90 99 57 2 40 38 67 75 43 17 78 46 100 44 48 14 15 2 47 64 78 48 7 4 30 84 81 74 51 56 25 3 63 34 51 96 96 53 41 2 58 10 76 89 73 65 41 28 43 45 37 24 18 22 48 22 15 34 95 91 36 28 32 0 87 90 31 81 89 84 69 16 22 91 83 93 26 48 81 55 80 12 44 96 45 41 35 65 81 54 66 
91 74 88 75 77 31 69 33 51 69 34 91 83 54 90 49 21 45 40 12 82 0 8 49 0 93 4 36 99 50 12 51 55 3 53 77 88 20 7 6 60 37 53 4 15 7 44 0 69 2 27 33 17 86 77 32 77 96 18 23 40 85 86 38 56 83 70 29 5 1 89 6 67 38 88 46 45 100 14 80 94 10 21 43 98 81 16 37 50 39 9 33 16 7 24 36 40 64 2 4 46 94 64 1 49 3 67 64 35 6 81 36 6 63 56 55 88 87 9 25 72 78 10 54 48 46 77 59 
60 83 71 27 25 44 50 61 19 33 18 3 59 57 99 33 28 71 64 96 15 4 13 59 76 55 7 29 93 40 25 70 20 86 98 54 27 69 56 10 39 1 31 98 84 99 90 3 33 63 57 7 96 16 40 0 26 31 57 92 55 57 33 50 16 77 13 23 28 21 66 92 49 81 67 57 38 64 0 44 38 65 39 66 62 87 56 72 57 33 50 70 47 15 82 68 83 15 57 49 1 87 8 2 82 36 46 21 14 97 20 26 47 16 15 26 26 51 50 41 24 61 26 100 100 48 37 7 
18 30 68 19 64 75 25 94 76 97 7 38 86 1 3 32 63 29 3 32 27 29 0 83 3 61 49 44 37 95 55 36 8 90 26 44 79 96 65 56 81 33 67 69 54 41 32 30 27 68 61 82 75 13 83 36 23 74 45 84 7 95 42 87 55 72 15 46 43 37 68 20 31 55 78 48 64 15 83 46 56 27 43 78 95 30 47 37 68 48 3 63 3 43 13 40 91 18 3 59 81 79 62 76 11 88 24 55 9 19 52 94 97 18 14 37 43 8 86 82 23 27 78 33 16 71 10 96 
48 48 39 96 42 100 28 75 15 14 48 70 14 99 23 93 62 82 61 67 45 68 20 65 85 60 22 55 99 14 28 100 62 61 61 28 58 31 63 73 6 44 67 92 36 88 24 61 99 44 80 60 76 89 83 100 32 80 84 90 57 83 73 76 79 93 46 78 52 83 67 23 33 52 19 17 63 88 18 71 42 95 20 59 3 76 53 71 49 15 10 22 97 44 65 20 27 58 17 13 76 3 68 63 4 41 7 86 37 90 89 24 84 14 47 23 52 46 28 60 94 93 92 49 16 86 40 43 
9 23 38 47 2 85 58 76 3 75 78 31 10 45 6 85 94 62 86 51 15 66 38 79 17 54 63 51 66 28 57 42 36 13 68 36 43 39 51 68 72 26 3 36 92 84 44 14 47 72 32 48 60 34 20 83 74 33 32 28 21 54 92 76 67 96 83 39 1 52 64 94 94 66 55 33 84 92 81 58 100 47 21 31 31 28 10 79 83 25 100 79 22 16 2 52 74 15 35 6 40 39 64 55 48 33 24 7 0 71 73 22 26 65 54 23 6 35 59 60 23 94 92 51 8 33 26 62 
90 77 5 90 22 46 36 49 10 49 4 44 15 40 80 96 11 29 43 95 98 62 14 98 98 85 68 53 72 84 39 23 16 41 83 29 36 91 94 47 23 28 95 79 39 35 47 54 70 5 23 5 19 7 22 91 43 40 100 44 71 22 84 49 59 81 23 42 62 50 99 13 24 83 21 74 26 49 80 82 61 24 88 25 46 65 63 1 81 75 2 90 71 54 64 47 16 72 31 73 87 25 40 26 13 81 46 94 19 82 23 43 40 90 50 5 18 6 11 99 45 28 57 56 4 60 6 69 
96 5 83 35 75 87 57 66 12 82 38 89 29 89 37 60 91 66 8 2 96 90 25 87 71 45 79 45 31 45 74 30 17 92 35 37 75 10 47 9 64 38 100 82 86 11 44 27 74 64 8 2 45 30 3 47 25 42 39 11 11 83 2 49 8 63 2 26 60 48 43 0 98 51 82 77 74 83 78 11 50 50 56 78 94 20 61 47 51 41 13 7 3 44 98 3 8 60 50 18 89 41 42 85 93 23 2 56 7 40 47 69 88 81 29 64 82 31 42 95 91 64 75 57 45 30 65 100 
72 76 9 77 5 81 47 61 23 71 14 39 98 6 21 95 25 36 98 21 52 30 93 16 60 3 68 99 76 96 65 26 60 72 89 78 88 2 83 49 23 19 53 89 42 19 65 13 49 52 36 78 52 17 3 80 43 30 39 97 51 46 34 9 34 41 81 81 70 62 75 9 7 76 96 1 86 0 62 99 16 70 6 32 47 39 81 67 94 89 29 3 80 39 84 30 24 96 11 1 79 71 59 10 69 95 56 97 46 48 44 22 96 66 31 79 58 29 29 14 7 55 5 23 10 73 24 98 
54 37 11 30 64 28 11 49 30 77 15 23 60 72 72 92 27 41 45 35 68 48 42 33 98 11 22 84 85 12 53 91 100 98 13 50 38 19 54 33 42 75 43 43 19 60 16 52 25 62 69 13 25 11 11 5 64 69 31 45 70 17 58 7 94 13 78 96 57 86 29 97 49 1 87 72 77 69 73 80 91 61 71 46 20 49 12 16 67 55 62 22 27 21 26 83 38 17 37 86 75 50 77 34 5 2 21 83 29 53 22 100 0 37 30 31 62 70 43 1 79 61 59 78 13 5 74 10 
80 90 19 20 93 60 95 44 13 24 27 2 26 58 76 31 53 55 66 76 51 27 11 57 14 86 74 30 72 97 47 8 25 94 4 47 22 21 46 15 48 25 81 77 41 66 0 50 12 5 93 52 75 87 21 11 14 87 36 64 42 96 55 60 45 59 94 71 7 28 4 46 76 47 81 36 63 44 47 28 12 21 83 29 23 14 20 18 96 92 69 1 49 82 88 74 6 86 1 47 7 14 50 90 39 28 92 30 5 57 4 44 76 65 26 27 46 75 18 75 71 91 55 33 26 3 53 6 
19 30 96 67 0 94 1 27 68 36 86 97 65 100 60 30 23 60 35 98 14 67 67 13 50 40 74 8 21 73 74 92 69 7 86 72 57 7 66 68 32 30 26 0 37 6 77 84 27 25 58 44 35 64 51 70 45 50 88 24 92 4 40 90 21 48 26 33 34 14 82 45 83 78 83 71 63 58 7 5 8 73 67 11 72 54 58 26 23 21 86 28 32 26 38 52 14 57 37 31 60 30 57 24 31 15 56 3 3 29 87 63 62 54 10 98 97 28 46 47 45 25 12 12 51 84 20 77 
94 89 58 73 21 15 15 38 21 78 8 25 54 79 15 1 71 22 10 10 40 29 84 32 87 79 47 28 3 37 66 73 55 14 12 72 86 49 56 67 45 15 42 74 85 0 52 71 42 97 48 39 20 76 70 69 59 24 83 34 51 68 17 3 25 45 96 13 17 14 94 40 58 95 81 91 7 16 97 1 56 26 9 97 51 28 6 25 39 9 64 43 12 68 59 70 44 11 9 31 20 34 61 86 1 69 82 36 99 63 65 37 72 24 30 81 47 26 65 78 50 24 73 85 54 56 29 54 
6 59 32 16 52 2 43 55 25 57 31 50 22 58 88 90 70 65 87 22 26 66 6 95 76 17 27 30 65 57 3 73 61 51 23 41 14 93 9 95 93 66 60 98 54 67 61 63 45 4 97 19 15 72 16 95 58 12 69 21 84 40 12 100 52 80 34 35 9 39 41 55 65 19 53 5 47 48 56 19 32 63 85 97 44 67 97 84 16 3 85 37 60 89 90 12 71 72 2 50 100 74 92 12 97 45 85 91 66 73 97 1 45 17 40 32 74 32 49 1 80 78 72 58 56 84 42 58 
50 74 16 98 19 3 31 0 35 55 35 47 32 88 29 57 66 35 42 84 31 86 64 90 88 65 84 75 39 16 48 66 11 98 1 85 45 58 14 42 19 71 71 56 95 25 61 77 25 82 21 57 61 51 58 85 60 99 26 94 94 27 29 59 42 75 71 88 63 78 49 20 1 85 57 48 100 75 35 2 65 66 62 28 86 71 2 57 19 26 4 49 94 6 97 88 82 77 10 87 94 16 95 7 75 5 35 3 9 56 7 13 7 66 54 98 84 96 37 97 28 63 74 18 50 53 31 22 
37 56 96 67 89 11 53 72 43 29 68 65 10 72 5 43 100 48 65 96 37 66 79 55 60 51 45 84 68 55 91 10 23 18 76 33 34 52 11 30 46 30 86 5 19 11 95 34 55 42 92 50 74 87 16 53 55 42 83 49 13 36 13 97 77 46 4 53 90 73 82 60 46 98 71 63 88 47 66 34 69 37 20 23 12 99 77 58 70 33 53 53 19 13 42 93 56 14 50 9 27 94 28 56 91 58 20 70 95 5 74 30 55 72 32 24 77 50 26 4 4 40 93 1 13 22 62 75 
49 52 71 11 83 34 41 5 11 80 83 86 53 2 12 71 32 94 35 14 76 61 12 94 85 4 66 41 84 58 85 29 82 21 19 41 90 53 20 68 29 46 15 35 91 52 33 87 27 33 99 56 21 53 28 35 61 51 10 45 71 15 23 79 19 77 59 54 64 25 11 70 92 94 21 15 2 43 75 72 42 24 75 76 45 42 90 94 64 0 82 39 46 66 24 86 32 88 63 76 29 92 19 10 81 24 93 47 7 74 56 35 7 71 18 29 44 88 51 33 42 80 97 10 62 45 55 17 
8 55 15 1 51 87 89 79 64 16 41 78 99 57 44 59 81 99 66 29 90 39 7 66 7 36 67 77 95 62 55 8 72 86 65 100 50 64 5 21 51 6 20 84 98 93 24 14 19 13 26 39 41 25 76 1 41 43 30 71 14 82 2 94 99 58 41 50 10 11 54 5 67 44 76 52 10 0 26 19 73 54 88 69 24 50 92 56 37 41 90 97 54 22 52 95 38 35 90 96 10 64 61 22 45 77 66 73 46 45 23 73 69 97 21 81 59 98 98 71 4 38 23 22 96 64 40 62 
14 72 89 12 44 94 40 36 6 87 82 51 72 98 74 60 66 68 58 62 18 91 39 43 64 45 14 100 25 94 39 90 55 15 77 12 95 80 42 50 99 93 75 37 74 84 53 41 85 77 82 11 86 43 5 23 46 54 52 45 67 45 52 40 37 14 95 38 73 89 69 43 5 94 32 73 4 2 3 72 90 3 34 98 6 8 44 12 70 78 57 81 84 78 18 99 19 62 93 53 0 91 80 77 91 2 59 19 73 23 5 54 77 28 56 14 29 14 77 86 30 70 57 84 49 24 70 67 
97 7 81 22 64 74 54 67 66 24 45 1 46 48 11 54 34 50 45 83 2 2 82 12 99 76 27 77 1 43 5 28 4 7 11 38 100 3 99 39 88 52 41 80 63 24 79 40 96 62 11 99 99 27 44 79 98 54 81 34 92 95 51 85 26 81 35 89 70 28 0 40 52 52 16 95 33 87 100 82 94 92 78 14 15 2 95 32 83 2 33 74 21 24 33 22 58 52 68 17 85 97 94 93 71 45 61 59 12 54 99 78 49 42 81 11 65 9 65 29 9 21 68 30 78 27 2 26 
50 39 40 39 34 26 15 35 42 61 66 2 46 93 29 88 91 67 87 38 68 92 93 24 76 73 22 8 73 6 71 14 31 92 86 96 0 69 24 33 44 63 47 58 43 4 20 99 99 45 92 19 66 70 74 71 99 69 30 3 22 20 6 80 15 42 37 27 21 33 24 85 49 14 50 4 70 77 65 16 34 10 69 41 70 21 88 51 32 99 85 100 4 82 82 10 15 92 82 100 33 2 73 13 61 81 15 46 36 56 64 3 58 11 15 31 67 80 78 75 59 21 77 62 53 98 50 24 
81 89 41 63 2 23 38 97 41 58 76 9 30 96 91 33 16 26 54 73 84 52 57 36 25 36 8 65 92 68 4 100 30 52 97 80 80 93 93 68 22 49 16 18 61 83 52 77 10 93 13 38 48 5 10 95 55 8 49 2 36 86 92 4 62 27 58 93 38 21 80 39 75 74 63 47 24 84 5 83 26 21 36 62 44 8 18 91 56 82 68 24 45 55 75 98 41 14 80 25 28 87 39 28 66 55 97 41 35 26 11 91 87 32 1 13 98 46 1 92 1 45 26 69 7 52 18 48 
19 16 42 87 42 87 41 47 41 7 27 5 31 17 43 97 25 40 15 22 55 76 38 72 13 63 39 34 19 54 77 16 97 5 13 41 56 38 56 4 21 3 41 93 27 36 79 78 43 9 89 87 3 95 89 8 83 72 76 59 31 100 87 76 23 56 71 4 43 62 48 80 30 68 80 92 36 40 5 29 47 19 47 73 51 14 97 88 93 26 74 7 23 84 12 26 40 77 63 18 51 78 54 74 64 78 64 54 9 88 100 36 0 82 81 85 34 4 89 19 15 43 15 25 64 89 44 43 
45 54 8 25 73 26 46 64 64 69 88 49 34 84 46 94 36 19 98 0 23 1 84 59 80 23 23 82 65 81 3 94 44 92 10 24 69 36 94 30 42 38 89 64 11 7 64 14 17 78 65 0 3 21 0 90 26 7 74 82 87 34 76 78 27 32 26 56 70 77 81 16 87 68 56 64 53 16 77 29 43 96 7 95 57 99 24 6 96 0 56 96 3 84 27 41 17 7 77 19 18 37 72 24 57 92 75 21 52 80 39 54 51 5 52 15 19 21 21 87 30 36 3 93 14 51 80 37 
94 67 60 44 93 23 51 93 8 47 86 60 57 69 36 74 90 81 6 48 63 61 47 21 65 66 30 90 87 81 60 45 53 69 55 21 32 88 56 89 15 35 22 38 27 46 21 10 29 76 96 8 85 18 23 28 8 77 53 9 52 51 24 12 68 83 0 70 7 70 28 94 55 56 7 4 48 72 30 26 76 48 72 15 69 18 44 70 73 50 71 65 5 80 73 20 90 12 7 77 17 92 3 51 72 90 66 6 31 18 61 65 52 85 42 72 16 1 13 91 36 48 47 94 14 78 57 55 
86 87 31 47 54 61 86 3 83 81 11 88 81 64 24 16 15 52 82 48 94 64 71 71 63 94 23 33 38 68 7 37 46 50 69 20 55 0 42 71 97 58 91 78 34 83 48 2 62 90 86 74 11 60 22 89 75 11 16 23 89 17 22 100 13 49 53 14 75 6 86 57 46 10 78 95 79 90 17 45 84 5 47 1 99 56 93 89 99 30 78 8 20 46 23 88 56 92 56 98 100 29 91 89 61 52 59 64 31 21 72 10 71 100 19 23 58 38 50 98 25 92 68 71 42 54 56 88 
19 51 21 49 17 27 18 2 37 20 73 36 5 29 93 29 43 16 18 78 38 17 60 45 62 93 66 70 91 0 95 83 70 26 15 32 52 28 56 51 17 38 50 76 92 99 23 20 87 66 21 85 32 31 27 37 93 79 48 20 32 36 5 40 95 75 76 51 81 17 74 50 92 36 92 40 75 38 53 73 99 4 60 64 96 98 20 39 100 25 60 1 36 78 22 80 98 98 36 54 3 65 98 69 39 44 0 12 78 89 74 59 73 59 74 74 22 40 59 10 11 97 84 10 59 89 3 33 
3 77 77 46 87 40 44 18 61 78 53 76 61 90 35 88 20 67 32 31 79 56 19 9 71 50 40 50 47 16 39 23 75 35 12 59 26 35 28 63 21 27 19 45 51 1 46 69 79 71 68 2 91 92 70 70 99 66 74 31 13 22 93 72 88 27 48 93 52 86 77 82 21 14 60 23 85 82 64 98 75 82 80 70 47 100 68 85 47 52 42 60 83 1 71 91 15 66 34 100 44 70 25 41 0 92 69 14 88 9 53 20 64 25 99 35 65 67 39 37 6 90 14 59 0 49 59 91 
20 89 45 22 77 99 84 62 4 81 6 36 89 63 89 90 60 13 87 33 61 85 14 11 29 1 60 74 69 33 98 56 80 64 12 47 95 37 31 69 58 81 75 36 70 71 9 25 24 22 96 1 84 56 30 22 100 46 56 26 78 16 57 14 1 32 4 70 0 59 5 2 54 6 21 3 99 14 51 63 71 94 88 81 17 74 22 87 55 31 41 59 77 70 20 35 91 60 28 77 48 87 54 99 96 89 40 10 12 37 35 58 37 35 99 12 97 72 47 79 68 51 13 81 40 45 78 18 
41 94 83 7 27 18 29 11 6 66 36 2 60 81 68 30 3 46 59 26 97 35 82 46 88 0 62 71 74 8 78 1 79 79 75 95 30 16 80 48 80 96 33 65 57 60 26 12 70 87 81 97 73 18 27 7 29 62 60 70 36 75 79 33 77 72 97 94 73 81 13 83 16 22 59 69 58 19 15 60 95 38 99 96 40 31 13 67 54 64 81 2 41 26 60 0 3 64 56 13 73 56 71 15 40 55 2 48 41 92 37 90 45 73 14 15 24 20 74 0 92 23 79 52 53 42 53 82 
91 26 1 15 35 39 92 92 20 31 28 95 13 21 55 16 73 39 91 68 65 66 25 60 42 82 56 54 83 82 4 62 29 96 99 1 4 4 52 70 73 14 9 94 97 50 24 81 39 7 73 100 7 54 41 18 99 24 29 83 72 69 4 69 93 100 86 77 30 36 77 90 72 95 31 97 38 92 33 2 83 78 40 4 43 43 38 45 47 91 42 87 57 58 53 7 36 63 95 41 55 4 44 22 27 75 95 53 70 63 61 30 51 88 15 91 50 28 91 63 83 91 47 64 27 42 2 1 
84 22 21 63 56 37 27 96 52 34 68 26 8 33 34 69 56 48 71 28 93 68 72 32 95 89 29 84 13 59 8 6 35 9 68 6 58 98 14 98 83 23 16 41 83 57 57 4 86 48 29 0 32 45 36 73 68 19 21 8 3 15 25 44 66 68 74 82 11 79 60 43 49 49 55 68 24 58 69 54 25 44 50 48 92 14 33 51 20 14 29 27 14 54 74 39 86 66 53 88 70 19 59 7 95 91 8 80 49 48 19 78 65 9 7 51 12 59 5 37 59 16 45 19 83 69 60 26 
29 78 60 47 65 51 87 20 33 10 9 42 68 26 68 10 17 72 30 85 72 80 81 77 53 69 36 85 65 78 32 97 37 49 89 50 26 17 45 98 91 67 44 63 62 16 39 55 14 38 32 26 32 44 12 9 43 80 62 9 27 4 43 41 25 52 59 30 82 68 34 70 94 93 31 41 55 29 93 26 41 22 10 40 43 97 45 94 6 100 53 5 31 100 87 36 55 88 92 67 61 38 51 67 57 53 19 40 13 80 98 13 27 2 25 77 60 48 7 94 98 84 8 94 81 69 2 72 
29 73 44 87 17 96 47 22 82 90 86 38 52 33 50 55 51 20 88 89 16 42 53 44 49 38 28 34 33 76 17 54 0 9 87 38 32 48 88 62 64 76 51 89 85 100 93 95 53 75 31 56 89 3 78 70 17 83 25 83 99 68 82 38 46 1 48 76 15 39 98 87 20 33 39 65 94 100 40 65 49 89 60 70 4 67 6 49 65 75 15 66 17 41 99 42 71 89 82 91 34 96 83 84 72 52 95 24 4 67 76 76 21 95 17 35 18 99 7 4 82 78 53 71 29 46 28 24 
62 96 76 14 26 23 65 77 71 90 25 38 15 97 91 41 18 94 62 60 93 24 49 22 13 46 20 87 99 55 38 71 80 39 76 47 49 92 30 59 12 75 42 43 96 37 28 44 83 72 43 19 45 34 6 89 100 0 86 82 96 75 78 61 88 14 47 39 18 14 80 18 6 70 18 41 56 98 85 92 56 30 58 70 71 48 94 4 18 0 78 98 48 71 31 61 96 11 74 40 39 61 0 57 63 81 11 44 86 93 26 8 87 8 32 7 93 88 31 100 7 64 22 75 50 52 80 1 
98 47 10 41 73 93 2 9 0 28 59 42 20 50 50 93 59 38 58 91 80 74 85 71 76 0 48 43 55 87 36 52 94 89 38 39 56 88 78 51 24 66 54 3 1 40 100 84 94 66 19 53 41 59 39 19 37 30 0 47 93 3 8 60 19 28 42 44 57 6 56 95 3 45 39 100 99 26 41 66 72 28 83 91 89 78 48 12 24 33 51 21 30 33 62 81 57 96 69 24 4 86 62 71 94 41 0 91 80 83 20 16 28 48 43 4 75 15 90 20 31 6 54 29 97 28 33 22 
66 55 86 92 74 53 31 43 100 24 1 17 68 66 20 71 43 75 88 99 69 62 4 77 8 22 0 74 66 11 99 99 10 71 31 71 45 79 68 62 6 6 1 79 11 24 29 11 67 86 25 0 50 31 18 52 95 91 19 24 88 0 8 6 13 74 53 51 4 94 79 70 12 52 99 48 5 40 55 71 40 63 57 5 7 63 67 0 62 71 96 87 67 39 1 49 59 81 62 21 24 12 82 82 70 63 20 8 75 89 53 87 68 43 40 46 52 9 78 51 36 26 96 13 40 11 35 77 
62 13 43 84 24 26 94 30 52 63 6 71 50 84 71 63 55 49 23 16 7 42 89 48 17 46 44 17 37 38 31 2 75 78 54 94 17 8 73 75 26 89 38 33 55 76 47 92 18 26 93 48 77 17 44 13 50 34 31 55 50 67 84 84 23 96 81 47 26 67 57 17 94 11 5 16 29 49 0 27 23 85 7 94 26 97 91 71 73 58 29 4 16 2 22 67 71 21 16 13 53 10 58 46 63 25 60 48 33 72 86 20 28 59 41 6 52 81 100 3 93 83 79 73 61 20 86 16 
51 37 29 71 96 6 78 95 62 14 44 51 75 12 68 89 88 98 60 34 26 52 8 78 72 83 90 98 52 48 36 41 10 89 53 35 70 91 26 27 26 69 76 86 35 68 16 68 43 87 1 26 24 83 51 35 69 18 52 95 23 74 43 64 89 44 36 95 69 50 41 12 46 24 35 25 88 37 16 68 21 22 19 62 35 11 92 50 31 61 64 73 74 72 35 49 73 83 32 18 76 28 87 36 93 59 16 84 36 42 42 28 90 19 79 74 1 54 65 77 82 63 14 97 57 52 9 72 
88 29 96 77 26 5 1 31 22 72 73 74 56 10 71 17 87 8 47 69 14 57 39 51 36 73 99 23 59 12 58 97 28 55 35 9 1 25 13 64 63 59 49 76 74 2 26 0 39 55 45 29 58 0 18 66 3 66 98 8 6 13 45 54 12 80 21 18 51 72 23 75 2 3 37 96 61 98 28 63 61 41 21 49 6 55 17 6 21 100 60 88 66 54 63 74 85 10 94 73 89 12 47 52 53 76 68 47 1 11 8 49 30 17 36 99 95 78 44 61 66 100 70 21 43 24 88 43 
8 41 61 32 85 3 14 92 82 23 31 59 45 22 57 36 21 3 99 82 31 35 37 41 62 23 38 67 49 19 82 12 65 58 89 48 44 28 92 49 56 30 74 36 67 4 21 18 35 24 76 11 67 78 97 20 61 23 12 15 82 6 20 60 30 51 98 8 5 93 77 41 34 6 0 68 17 54 48 51 40 97 93 50 3 22 29 6 91 10 34 5 35 42 4 6 25 39 4 74 90 85 25 45 85 65 63 27 84 40 17 62 76 92 36 13 23 77 46 13 10 29 100 33 71 32 92 84 
60 75 95 52 17 51 95 59 45 88 7 18 64 21 92 11 81 33 67 70 22 65 31 31 60 57 31 69 75 92 63 40 21 11 88 27 28 68 99 36 91 52 19 27 20 85 10 64 98 83 13 86 44 85 15 35 5 5 46 30 81 38 32 97 36 78 78 96 43 78 10 27 16 40 34 59 13 73 18 66 4 36 59 22 11 31 88 37 19 76 92 95 42 95 86 74 76 60 47 28 75 71 33 18 63 72 75 16 16 84 31 17 100 84 62 28 22 90 84 88 83 5 50 45 39 28 55 14 
94 68 14 77 64 59 31 55 43 32 62 76 11 0 58 31 27 6 45 90 78 76 56 21 77 75 48 100 10 78 26 30 78 57 11 11 96 17 38 86 55 82 55 14 94 98 64 90 59 90 17 44 15 12 35 28 62 56 78 100 18 64 40 72 75 11 100 12 64 9 73 8 16 11 94 2 50 66 60 58 52 51 72 8 89 49 43 57 68 67 85 24 83 25 39 60 33 93 2 35 41 0 30 77 4 36 10 71 19 60 76 77 6 82 99 87 47 100 64 49 15 53 71 53 29 78 8 54 
4 34 37 96 36 8 18 45 79 39 33 95 85 75 23 6 67 23 67 73 74 72 84 39 85 25 77 89 37 54 3 74 49 1 55 15 95 35 84 0 8 10 68 41 13 50 56 15 37 39 95 22 17 93 44 80 15 36 93 57 6 12 21 7 46 23 72 45 10 49 20 34 76 52 45 66 66 3 13 17 94 87 29 92 17 80 10 29 28 58 46 47 62 32 3 88 38 9 73 43 32 26 12 58 85 85 54 70 28 88 81 19 96 62 84 79 25 70 15 53 92 79 67 56 43 84 4 34 
35 56 6 11 48 15 70 85 76 26 62 93 89 48 32 75 23 13 37 89 77 94 45 7 88 68 78 85 42 80 25 96 28 87 6 39 17 86 37 54 39 97 60 52 30 52 5 20 50 69 75 89 58 60 96 61 4 57 80 32 2 23 4 94 65 92 71 29 42 76 93 70 43 39 80 12 20 3 21 98 77 88 68 54 72 82 57 82 76 82 95 90 5 42 44 6 40 20 6 15 24 9 74 50 53 0 81 34 41 2 64 88 33 73 8 85 75 14 17 53 51 98 31 3 42 20 78 80 
28 32 21 42 50 41 79 54 32 28 96 70 10 91 48 56 79 1 50 13 47 82 72 6 82 30 63 37 97 79 100 36 42 96 25 67 88 13 79 24 40 6 3 19 49 76 46 69 51 67 49 91 34 98 0 72 66 33 55 62 42 74 80 80 86 84 35 85 47 55 11 15 98 75 27 75 58 89 15 68 69 58 37 16 8 57 76 2 58 20 42 4 53 56 94 90 6 0 86 18 72 69 47 89 3 78 57 48 2 20 37 35 8 93 5 71 26 50 100 90 76 39 72 78 76 61 33 17 
47 16 67 54 27 47 93 9 53 4 79 42 6 54 36 64 7 39 100 52 4 63 64 11 99 91 27 94 28 50 44 52 29 80 29 11 85 39 54 50 32 7 25 26 7 29 37 43 48 87 28 86 10 10 22 45 81 19 47 50 65 75 95 95 99 70 6 60 37 0 89 2 64 26 43 55 9 75 1 90 20 90 11 99 31 27 23 70 22 62 48 90 48 8 0 79 12 6 87 70 59 69 22 17 96 49 61 20 53 87 53 77 73 68 71 47 85 20 49 74 68 50 38 7 16 3 93 44 
11 81 38 26 3 41 76 7 99 7 3 14 19 14 82 64 70 51 43 85 48 22 89 65 58 70 59 65 90 2 10 49 1 17 68 93 95 88 42 52 75 85 15 4 40 91 89 87 54 62 89 56 50 62 1 91 3 72 69 49 50 20 66 2 39 51 80 37 37 79 83 81 49 2 76 19 57 51 16 60 38 42 9 38 82 82 22 44 18 0 80 85 47 90 48 28 97 36 86 93 94 36 80 60 22 80 40 73 94 22 28 31 83 56 78 43 76 89 4 98 40 67 53 96 55 52 49 22 
83 70 34 48 61 4 93 53 66 67 87 51 96 8 80 74 19 3 1 63 81 18 8 82 12 83 15 59 75 11 79 16 17 13 47 68 54 35 39 13 69 1 12 17 12 36 48 68 3 4 72 30 32 99 38 62 98 86 0 99 72 34 66 38 33 86 55 100 46 30 71 63 26 0 33 63 5 79 86 93 39 38 61 24 70 72 45 85 66 10 8 3 72 89 44 67 57 36 42 68 98 31 55 42 65 77 2 24 81 98 20 41 37 35 51 69 50 13 57 71 67 95 29 43 55 59 81 52 
24 61 32 1 8 9 11 23 30 68 82 32 6 47 3 77 47 62 68 49 89 96 0 24 48 22 67 94 61 55 55 38 23 39 93 67 70 10 56 81 60 20 4 44 40 13 30 83 15 74 67 90 39 42 63 87 0 73 34 72 62 67 7 41 91 29 56 10 59 58 74 89 82 35 8 16 73 47 44 58 9 89 11 4 63 1 41 83 69 89 67 20 85 90 94 36 14 26 39 43 97 91 96 33 72 68 46 98 93 88 22 59 66 28 28 82 20 48 82 33 66 74 8 55 4 89 95 38 
50 77 84 74 56 73 89 2 87 38 80 55 44 70 76 50 18 32 59 8 1 64 79 84 70 30 95 93 55 5 80 32 7 17 94 97 7 21 85 68 84 80 94 33 53 60 25 58 8 56 100 21 71 20 52 1 16 87 49 81 76 26 17 56 100 9 71 94 81 91 34 55 50 46 76 91 8 1 47 56 44 53 15 6 33 56 100 79 3 20 22 73 50 5 88 40 76 50 95 8 36 70 97 29 100 39 53 86 18 30 35 13 92 100 40 32 75 70 89 9 79 29 89 3 51 74 99 89 
31 35 24 100 65 34 80 4 7 26 85 9 97 99 12 66 0 15 27 97 74 18 27 100 43 72 40 58 6 15 48 81 53 82 56 96 2 49 44 1 97 48 80 68 2 44 84 61 36 39 58 13 49 23 9 62 21 70 2 13 41 54 6 68 32 32 5 50 34 51 50 10 73 86 76 27 35 36 79 6 4 4 64 56 29 16 13 46 5 91 80 4 24 20 13 52 90 61 22 14 46 33 18 66 39 95 81 93 29 67 16 69 29 59 93 38 67 91 75 15 91 79 49 26 87 11 88 10 
91 67 82 89 45 41 58 69 83 42 72 90 54 7 63 85 8 24 44 90 79 10 89 58 58 52 9 40 54 41 48 95 67 87 12 63 86 45 56 87 69 1 17 86 50 31 45 65 52 64 46 25 69 61 60 36 74 42 71 74 43 79 77 94 56 52 12 27 67 21 86 61 92 17 36 86 68 33 91 5 50 19 57 84 54 91 26 26 53 75 79 67 45 81 72 21 62 10 69 12 39 39 48 29 33 7 59 7 68 23 11 24 52 5 97 44 2 78 78 22 51 15 30 59 14 61 0 2 
88 98 87 44 91 27 49 52 64 46 43 66 81 50 5 67 69 79 20 96 34 15 65 79 79 72 77 68 10 36 79 45 37 84 70 73 42 94 5 74 90 84 75 84 72 37 9 97 89 24 28 47 45 59 15 41 45 94 20 14 78 73 50 69 27 85 42 88 38 65 11 29 76 93 75 18 64 79 14 51 34 13 80 34 29 17 53 65 99 91 84 51 35 70 3 49 72 42 24 36 54 4 68 39 87 62 70 63 8 74 85 39 38 50 85 65 84 40 58 71 43 63 54 15 76 47 72 27 
59 87 59 47 83 53 72 97 76 33 53 36 50 87 94 60 38 94 36 32 39 73 65 6 51 3 81 9 45 3 53 5 28 70 19 51 64 16 87 52 12 77 58 89 73 53 23 35 77 3 84 71 34 22 96 67 46 70 78 33 11 70 57 96 51 59 6 72 38 19 17 39 54 45 39 24 40 5 30 45 100 72 19 91 11 55 51 73 88 13 50 21 63 20 88 83 30 87 25 29 12 77 35 64 4 32 48 70 75 40 22 3 85 91 93 91 18 84 21 91 16 34 2 80 33 45 17 65 
10 56 96 99 39 63 29 56 22 21 52 64 55 40 16 84 25 5 59 12 55 16 24 68 86 86 86 79 36 40 40 55 61 5 34 79 43 80 43 56 59 5 20 15 58 71 4 80 38 5 21 25 35 69 62 83 36 48 24 6 93 56 6 25 94 33 40 48 96 57 40 40 39 86 56 58 45 21 70 51 1 72 64 75 56 89 32 74 39 8 47 8 1 67 98 43 12 77 42 33 81 36 20 0 24 80 18 30 5 1 27 42 39 37 53 96 33 25 35 29 20 26 92 24 77 32 31 87 
65 76 18 7 37 25 33 17 51 35 51 47 94 1 49 30 39 60 18 56 41 60 62 2 82 51 4 24 94 70 97 63 16 93 47 89 58 86 27 81 52 59 30 100 69 2 81 69 30 71 67 15 4 65 58 47 97 66 67 5 82 100 9 45 64 54 77 9 6 3 93 89 99 48 84 15 76 90 94 49 79 85 6 48 47 70 71 54 4 30 58 80 79 54 4 1 21 98 40 88 88 45 84 64 67 14 59 3 4 64 44 36 75 61 68 13 98 65 59 10 80 38 1 23 87 65 20 26 
80 1 34 34 82 61 94 61 27 3 82 100 41 20 76 90 30 86 36 34 8 88 31 93 52 49 92 69 87 44 82 56 80 8 32 52 40 63 77 82 23 61 20 2 34 19 48 19 52 66 53 91 81 5 16 21 5 26 76 11 7 86 50 39 8 32 8 43 80 71 12 66 80 72 29 39 17 7 93 50 13 46 31 37 15 66 66 85 66 15 11 85 42 12 31 65 13 18 45 90 65 23 98 83 72 57 86 89 12 33 50 19 98 18 42 58 60 37 19 43 25 20 10 7 18 67 52 58 
84 73 90 55 73 46 66 82 6 95 47 95 67 47 10 26 73 20 84 38 55 71 32 81 35 8 90 56 40 9 14 47 93 51 74 54 31 52 12 41 13 93 19 59 59 73 36 1 88 37 62 42 40 52 78 33 32 25 2 46 71 6 96 0 60 17 38 74 44 15 55 15 15 43 70 66 97 85 35 77 41 89 58 72 26 60 24 50 100 79 16 79 46 81 2 76 56 93 96 58 65 84 76 43 89 74 61 63 12 91 77 14 83 91 98 19 97 75 75 4 34 88 28 44 21 96 30 47 
79 95 10 14 2 60 6 56 45 69 89 71 58 26 76 66 45 67 3 81 70 16 66 33 69 89 65 72 31 68 61 79 44 83 95 84 94 77 72 59 42 56 99 26 47 5 92 28 35 66 62 98 87 41 74 31 83 98 27 8 58 91 12 55 21 69 29 98 24 94 79 36 2 87 51 97 47 3 7 49 37 12 6 73 57 46 78 82 67 46 6 4 74 4 29 89 47 18 76 34 1 43 39 58 48 75 63 64 58 6 60 37 34 83 54 52 64 65 100 45 61 48 70 43 42 95 49 73 
70 91 15 83 10 61 72 71 42 26 53 81 87 100 75 14 2 51 72 86 49 53 75 52 81 12 66 22 60 70 19 87 34 4 100 29 31 11 20 90 95 10 57 15 6 7 10 63 71 29 49 28 19 33 22 76 45 27 89 66 32 56 24 85 40 72 23 9 91 38 70 15 89 85 28 63 39 8 63 62 56 65 42 86 84 16 29 85 95 98 92 57 29 76 81 44 17 33 32 4 18 42 8 59 92 90 83 95 33 87 49 85 21 54 63 32 24 7 52 74 14 61 18 44 97 85 86 21 
23 51 73 1 72 86 75 86 21 51 7 56 4 22 4 87 78 50 74 15 68 7 55 74 54 88 53 100 82 25 0 92 39 65 75 73 30 52 89 25 77 56 57 17 39 98 72 38 56 18 52 7 94 80 11 64 58 54 56 55 7 86 34 57 71 89 95 77 33 8 4 17 41 33 30 52 66 17 14 10 25 48 61 81 92 31 3 19 10 29 67 93 1 55 12 69 19 16 35 9 92 37 99 50 15 18 62 5 61 78 62 74 8 24 25 77 53 78 90 16 44 0 66 33 65 76 60 16 
25 33 87 85 83 46 44 59 29 39 68 61 76 87 6 94 64 83 95 3 97 15 2 4 17 18 39 32 43 46 88 14 83 73 93 65 35 98 10 96 95 88 19 33 8 94 45 4 54 47 74 80 65 65 62 21 32 82 76 8 67 15 16 53 83 62 59 5 98 83 97 67 82 72 9 33 50 26 65 17 9 40 25 59 93 47 29 35 45 51 73 3 65 86 14 80 51 62 100 24 88 64 13 20 90 29 89 33 92 24 81 59 53 23 84 20 19 50 86 21 83 39 44 5 97 42 13 6 
44 82 86 39 52 100 58 38 14 1 70 43 41 43 74 68 98 86 99 84 93 71 8 61 32 83 35 96 0 53 61 26 86 13 9 7 89 16 96 28 13 37 79 88 63 13 91 57 60 32 44 23 14 11 12 70 91 81 89 7 79 38 78 12 10 74 19 93 24 47 15 40 86 35 62 92 16 63 40 37 90 88 41 48 86 82 20 84 64 87 19 59 1 42 69 61 47 68 49 81 39 20 59 87 21 21 26 0 11 80 96 69 97 43 94 81 91 52 62 95 58 66 48 51 86 29 87 70 
17 49 79 2 46 67 53 22 95 14 61 86 6 8 91 95 3 36 19 1 13 80 3 42 86 14 71 21 41 59 62 44 66 34 97 74 2 1 11 62 74 25 32 12 78 24 33 71 94 89 35 97 75 95 44 43 47 11 25 62 84 72 8 53 35 35 73 89 3 57 81 7 42 26 20 44 3 12 26 77 56 45 90 91 24 88 75 25 12 73 91 46 55 46 89 65 36 3 74 90 12 67 76 27 82 86 55 8 88 51 46 73 74 30 95 33 1 19 15 68 16 78 59 60 95 69 87 45 
4 25 11 79 51 2 5 71 78 50 9 55 88 57 94 49 29 83 23 7 39 64 12 70 5 75 89 93 86 62 88 23 56 70 51 47 8 25 74 0 67 50 20 83 15 23 23 83 71 0 2 36 40 65 17 88 80 42 38 48 66 88 29 94 76 22 30 49 43 89 61 20 50 48 66 15 8 7 58 38 44 70 53 41 48 60 46 76 3 38 3 67 80 55 6 54 65 90 84 2 67 23 99 90 16 87 22 82 53 5 89 7 78 76 8 99 5 98 96 74 86 57 89 66 6 15 94 46 
13 44 78 79 97 13 42 92 5 82 94 10 72 60 70 11 23 13 82 6 57 10 93 97 21 21 44 83 23 29 51 77 39 63 100 26 13 89 96 89 83 75 29 4 99 98 96 28 31 0 27 50 17 30 99 20 4 77 0 22 66 60 77 35 70 17 21 92 69 72 74 95 40 3 3 43 15 28 25 88 62 65 15 12 9 22 4 60 99 27 71 63 8 1 59 0 81 54 44 28 18 97 17 19 88 34 53 60 41 14 29 98 2 12 15 61 68 97 50 80 83 7 8 34 0 81 98 25 
3 47 19 71 90 46 43 90 5 10 69 26 12 84 70 84 62 22 52 11 26 44 66 1 27 48 6 17 52 63 49 45 88 67 90 59 61 68 23 35 48 96 89 22 9 38 94 73 18 84 57 46 100 2 8 69 79 72 3 48 51 86 4 32 0 74 59 15 38 6 16 50 0 15 74 13 9 54 99 53 14 73 15 69 82 87 88 27 16 39 1 70 95 40 33 93 45 42 39 88 10 16 23 34 2 98 39 89 53 34 11 44 66 82 15 49 79 86 67 28 70 75 79 57 63 29 14 42 
82 45 16 87 54 22 78 97 87 32 94 49 4 90 78 67 35 12 57 61 19 8 74 82 83 32 69 14 100 16 60 16 5 64 52 42 3 59 37 74 15 62 88 66 88 94 64 51 66 7 0 51 23 31 91 97 77 8 85 79 60 79 96 37 80 44 75 89 63 42 20 30 100 46 74 100 70 31 31 31 28 85 87 77 74 14 54 44 44 14 70 26 43 94 64 55 48 23 15 81 52 83 57 50 28 33 1 52 57 43 90 84 38 11 59 19 59 60 26 87 68 60 9 76 63 95 26 3 
41 29 46 15 3 24 35 33 71 94 11 7 26 65 84 81 95 36 47 50 21 35 51 85 21 79 18 78 25 16 27 61 99 98 99 97 90 62 60 43 72 18 34 37 79 36 23 58 31 51 32 99 33 7 12 87 14 99 65 79 12 68 54 13 21 70 34 66 32 97 59 75 63 18 70 43 18 48 18 71 20 71 90 30 98 66 50 15 1 39 80 92 78 66 93 37 6 67 92 37 59 76 51 60 51 21 49 51 15 95 2 77 49 20 69 45 35 29 57 53 2 12 18 13 3 68 57 93 
18 22 60 34 11 13 13 97 73 20 83 30 99 50 5 92 18 71 39 74 41 55 24 86 51 55 92 36 64 60 39 86 8 99 0 58 19 15 11 15 78 41 89 24 0 33 35 87 56 54 58 24 60 41 54 87 33 81 80 87 47 65 86 69 51 26 36 62 92 72 3 2 36 8 22 58 79 52 44 35 18 28 88 31 31 30 100 2 10 16 37 60 77 7 96 29 43 70 1 20 54 29 20 31 29 44 72 9 92 16 36 75 99 100 92 77 92 9 99 10 7 43 14 40 4 11 81 72 
59 99 100 58 22 31 83 66 44 94 43 35 92 10 63 84 47 13 59 16 52 54 67 73 2 31 92 16 89 85 16 53 12 92 72 17 97 43 71 8 18 78 26 17 64 50 78 91 79 92 54 53 63 27 36 99 57 72 17 23 30 80 86 78 67 25 98 3 1 79 39 40 59 44 68 64 4 3 95 81 68 41 76 20 67 41 12 68 95 38 11 6 53 96 87 0 39 31 15 73 47 9 36 59 14 91 27 59 64 70 71 6 0 77 47 66 19 88 75 56 39 95 18 12 56 59 84 37 
29 41 44 40 0 75 23 49 4 23 16 27 78 70 13 74 67 38 3 85 44 7 65 72 26 22 63 16 70 90 17 14 26 39 100 2 17 66 26 16 55 98 5 60 6 11 48 59 7 42 72 21 76 63 73 9 22 74 18 89 29 52 51 13 85 38 55 23 82 62 76 97 82 79 65 51 71 72 86 13 63 36 5 99 21 66 63 71 51 29 66 4 74 82 31 64 73 49 15 58 65 33 62 43 49 59 50 77 93 34 66 2 100 78 91 51 6 30 40 13 53 98 9 5 37 28 72 6 
88 2 64 9 31 52 34 6 28 76 53 26 95 61 72 5 59 79 56 22 10 88 72 32 62 45 86 9 89 95 26 69 17 48 0 18 48 43 11 23 46 65 83 100 54 25 71 69 41 19 93 61 0 38 85 14 34 86 3 27 97 65 93 71 98 19 5 66 85 86 73 60 20 28 88 86 14 50 42 4 99 38 30 4 35 71 46 72 40 82 32 17 7 55 0 91 77 97 9 89 39 32 2 8 82 86 42 4 99 13 35 57 8 48 87 10 98 45 93 96 6 56 88 51 19 10 19 35 
27 78 53 8 38 13 7 84 50 42 22 82 48 87 20 20 24 20 72 41 10 43 42 78 17 30 70 72 81 79 56 26 2 80 82 85 90 76 8 64 57 39 31 91 69 34 71 24 65 69 41 13 93 41 77 90 30 10 90 47 69 48 9 97 62 63 66 18 92 9 37 30 19 76 43 48 60 11 100 0 75 100 88 8 58 95 66 83 62 90 34 32 9 60 36 86 20 62 58 92 84 15 72 83 95 19 27 9 63 29 26 76 16 100 6 82 10 91 85 48 7 35 56 86 100 86 77 37 
33 99 36 52 45 49 64 23 91 54 34 2 47 94 34 100 78 100 49 43 92 98 55 8 77 59 24 81 47 57 73 23 35 48 37 49 32 75 12 31 46 97 100 30 56 100 39 68 33 87 98 86 7 40 10 39 96 61 17 87 81 24 73 42 48 85 93 56 91 7 42 78 53 24 7 18 69 99 4 29 28 11 47 1 11 98 53 100 59 73 7 66 18 94 55 61 46 35 45 10 70 87 90 9 80 24 23 61 90 86 47 30 89 41 23 35 31 57 20 6 28 27 63 21 5 54 5 11 
82 13 17 14 86 66 5 28 34 37 3 22 20 46 64 58 84 33 4 97 7 58 15 7 58 54 70 13 71 95 74 79 36 58 61 19 54 67 93 27 80 49 60 71 36 7 46 13 64 43 1 80 66 10 7 33 75 16 98 23 3 91 82 83 83 57 59 33 3 91 81 90 86 57 3 55 32 75 51 85 74 6 85 11 2 31 40 19 19 8 17 48 0 46 50 95 51 72 10 99 12 33 27 87 73 36 16 72 6 58 30 48 41 72 71 63 63 33 22 36 40 12 69 6 63 9 70 47 
69 56 84 50 48 54 85 32 7 1 17 7 98 1 14 91 31 14 65 65 21 71 47 88 88 1 65 77 37 56 61 50 54 16 32 64 41 89 37 93 48 27 56 19 49 82 30 45 14 19 39 59 41 59 59 41 64 60 34 26 47 1 37 19 45 32 50 94 33 74 8 77 16 1 60 4 8 36 98 17 4 63 85 88 50 89 95 78 88 69 71 29 65 21 36 59 8 65 62 80 32 2 4 67 88 54 70 47 76 54 58 42 89 13 71 98 53 22 40 29 8 33 93 69 82 73 93 88 
22 18 30 93 7 52 43 58 27 62 53 4 38 21 25 26 48 28 86 17 46 75 32 61 95 28 47 92 64 41 65 27 43 44 22 76 31 57 42 34 40 4 58 23 12 89 39 50 40 4 12 71 10 74 66 89 58 76 94 84 0 24 77 14 6 5 98 31 10 98 95 61 62 17 22 2 95 82 9 29 32 69 55 47 62 79 15 88 69 75 51 29 89 27 56 89 39 8 63 15 76 17 92 53 80 17 74 49 2 17 25 52 65 85 99 60 49 69 91 18 53 96 86 90 45 0 85 31 
83 42 71 85 43 46 42 26 4 44 55 20 82 78 53 98 7 20 0 25 34 90 5 18 57 50 95 7 89 18 20 20 63 20 94 35 68 25 72 15 100 98 59 24 2 63 95 17 63 50 92 94 95 55 23 23 7 21 86 73 16 99 25 34 53 14 50 48 58 98 31 34 45 0 4 30 87 99 80 1 97 71 48 92 45 60 29 57 66 53 90 25 29 38 83 63 36 43 99 12 57 36 13 24 1 64 78 8 100 75 57 34 100 47 64 29 43 37 37 24 88 18 3 48 2 3 1 85 
49 99 91 73 49 27 16 79 41 45 75 37 56 21 98 71 92 76 57 47 30 1 19 8 13 6 28 46 23 14 76 77 14 96 48 11 93 0 37 56 2 73 83 50 79 64 29 95 96 7 95 88 58 77 89 46 11 4 32 42 19 8 72 80 44 66 88 81 93 18 69 40 57 72 89 56 56 68 68 26 76 96 28 9 46 49 17 28 63 62 10 25 89 18 0 97 23 65 78 6 28 90 60 95 73 69 44 2 84 58 82 95 75 62 73 81 86 11 18 97 1 24 59 71 27 71 77 25 
77 61 47 10 43 93 74 16 94 71 7 2 86 70 14 58 54 17 42 94 32 36 81 84 33 27 5 27 19 10 69 23 22 17 68 48 84 93 27 51 66 40 73 9 4 32 89 18 62 12 62 23 53 61 29 62 24 50 15 7 70 47 95 28 48 90 0 82 73 58 2 90 82 64 70 30 69 36 39 79 100 60 95 60 60 50 60 43 46 31 50 6 68 85 54 23 43 33 15 63 33 68 30 1 33 94 85 81 52 41 34 8 91 22 71 17 0 80 6 95 43 75 63 23 43 29 1 36 
65 21 49 61 33 45 74 47 94 57 83 24 97 65 52 29 17 47 13 22 46 45 61 36 73 88 83 32 72 65 81 5 96 36 79 25 73 56 47 34 36 11 65 65 86 46 13 26 38 16 50 50 21 21 23 73 27 56 16 6 85 84 87 21 62 5 26 33 45 4 13 26 30 11 0 92 100 81 6 68 78 69 24 1 82 33 28 43 34 89 80 33 10 82 11 44 81 92 84 60 70 19 31 79 60 47 87 41 39 97 3 58 60 0 17 59 31 74 42 53 94 68 8 33 44 56 26 5 
68 53 79 63 26 41 26 55 79 50 65 21 19 8 44 12 4 59 88 75 35 72 36 43 81 52 39 47 67 76 94 32 51 8 4 30 100 92 25 45 84 81 68 59 76 57 58 42 6 65 53 36 43 16 67 7 96 3 2 88 0 22 34 75 3 84 74 49 42 74 13 3 55 44 69 93 59 30 6 17 17 51 53 23 72 53 88 25 86 83 86 39 26 37 94 21 71 22 7 70 61 1 17 55 91 37 27 90 14 74 38 26 91 26 6 85 76 89 90 21 82 90 35 30 42 22 60 61 
9 28 81 71 59 98 5 79 20 84 80 48 74 84 23 24 54 66 90 23 30 45 72 72 47 0 56 83 9 27 89 45 45 95 84 87 28 22 21 26 97 89 29 38 2 57 100 28 74 11 4 99 77 68 89 66 38 88 2 62 35 99 22 43 91 48 24 53 95 2 94 58 85 91 65 77 16 0 67 97 10 75 47 43 99 72 65 1 66 80 35 57 81 52 89 18 82 31 27 23 31 74 78 87 18 63 51 97 95 46 7 90 47 54 83 73 77 99 20 57 96 17 43 72 5 9 49 54 
17 83 32 10 65 23 56 4 51 69 30 45 68 98 74 11 97 35 91 66 72 98 93 89 40 66 68 87 29 61 1 5 99 18 71 27 81 84 61 27 97 66 82 6 12 62 27 61 48 41 1 27 98 35 94 93 35 69 1 3 79 94 41 88 14 19 58 63 51 83 99 88 68 36 74 5 20 54 81 19 39 97 59 21 90 56 34 54 43 73 65 88 58 55 94 40 81 37 92 72 62 37 11 37 15 4 83 6 86 62 62 21 95 20 82 66 48 33 67 28 52 24 24 44 70 24 62 26 
57 7 81 30 41 58 57 10 74 33 87 58 13 24 3 33 80 95 95 50 21 68 96 58 6 68 2 2 56 5 32 29 13 52 44 0 13 59 23 90 52 33 83 68 4 23 39 52 87 28 79 70 89 35 68 78 60 59 83 6 5 51 13 94 34 91 37 17 96 53 76 82 63 42 83 9 100 43 84 20 40 66 26 53 57 95 2 52 34 23 30 87 70 76 24 21 72 64 60 32 21 40 15 71 75 43 43 5 76 19 8 75 91 64 99 87 74 33 48 41 81 1 5 88 37 97 12 92 
100 13 32 36 43 13 38 7 42 96 46 77 15 31 48 46 31 4 75 49 80 7 46 0 9 94 14 32 78 89 95 0 59 75 34 68 9 95 24 84 87 4 0 71 65 40 96 38 7 6 23 16 39 63 13 60 89 40 63 53 28 31 12 78 5 21 35 88 32 99 63 34 97 47 14 78 84 22 77 22 24 79 90 83 17 79 84 84 90 81 46 46 40 18 39 47 86 89 70 95 4 9 53 97 23 12 61 9 40 79 0 53 96 69 7 65 38 76 55 55 31 99 14 85 88 22 16 84 
58 28 83 54 97 73 21 51 3 2 46 39 46 75 8 83 79 1 66 95 40 59 55 79 61 97 80 51 2 78 32 81 27 30 14 55 89 99 46 68 9 90 63 45 10 23 60 17 19 48 50 53 23 45 84 73 74 0 32 82 59 69 72 45 26 21 100 7 36 77 73 75 13 15 27 71 77 60 69 54 36 43 19 54 31 53 28 18 57 25 92 99 99 79 66 69 14 22 43 11 33 4 81 85 32 12 4 89 5 90 3 28 97 66 24 49 10 67 58 60 98 81 85 88 2 92 72 9 
51 60 32 68 24 5 50 97 75 48 31 31 59 5 30 40 96 87 20 99 26 71 87 14 75 79 98 14 12 68 76 79 70 33 94 51 4 81 38 21 73 51 37 66 64 59 14 74 72 0 100 91 93 3 26 12 46 94 30 20 54 80 15 81 34 23 16 50 0 69 45 95 90 78 74 1 72 17 56 64 7 31 25 45 90 62 45 15 53 60 28 2 19 54 75 91 49 93 69 96 26 0 89 16 25 33 64 6 6 70 83 37 46 26 54 78 69 86 83 70 70 21 1 88 37 19 12 89 
40 39 2 87 65 48 31 87 58 30 98 78 66 96 67 41 34 30 17 59 2 97 54 76 96 84 28 15 54 17 9 66 0 2 56 59 45 49 77 85 46 5 42 32 87 87 69 64 69 15 38 33 80 41 38 51 80 88 69 23 48 7 15 48 57 24 16 73 19 90 62 52 91 84 37 98 87 56 19 66 61 80 60 66 84 86 57 49 52 72 74 34 83 73 84 78 73 30 19 5 5 25 53 45 35 64 7 35 60 67 94 74 22 51 36 32 74 32 14 89 7 79 89 45 37 13 39 82 
42 6 48 83 21 7 74 67 34 20 67 17 36 38 19 30 73 26 3 46 56 2 77 69 59 9 89 63 50 25 73 68 24 76 10 8 26 41 39 55 78 19 33 91 98 20 4 49 45 75 14 26 53 95 4 31 64 54 87 13 1 72 93 63 30 69 21 20 52 83 9 77 21 18 31 71 52 84 23 88 34 26 47 73 49 51 6 35 68 20 77 10 94 2 76 20 3 84 78 60 65 54 33 16 40 83 42 56 99 27 63 0 65 73 78 47 39 0 28 83 65 56 94 62 16 62 14 92 
51 38 78 39 16 4 61 84 82 58 89 47 21 39 75 28 48 3 0 38 62 12 64 2 13 5 90 82 40 44 58 78 40 3 19 74 72 78 61 32 7 3 80 12 67 45 8 69 0 72 38 77 63 31 97 73 67 5 24 78 46 70 52 73 29 49 21 45 15 95 96 26 68 70 80 35 1 76 50 17 66 42 17 68 3 88 98 7 62 43 37 55 3 62 75 66 25 10 84 43 42 50 41 59 77 23 83 55 94 55 78 94 72 42 27 49 87 13 31 34 73 36 54 64 63 72 86 49 
63 22 34 93 69 44 50 91 53 49 50 59 76 70 7 78 50 78 30 97 18 21 96 85 23 79 14 64 17 4 17 62 61 85 2 15 84 33 100 54 19 56 58 51 80 40 51 15 98 86 59 19 8 82 80 30 15 64 50 90 20 37 22 55 73 45 73 7 93 24 5 29 37 24 23 60 84 84 16 16 3 74 49 91 26 62 67 15 28 90 63 64 3 28 5 26 95 91 87 14 62 88 96 71 16 50 83 57 46 90 95 27 55 53 87 98 61 48 74 75 100 47 16 79 85 29 68 57 
78 80 83 90 55 33 60 46 10 81 12 16 55 97 66 34 95 91 76 97 31 25 81 8 7 52 20 23 42 77 84 84 32 51 49 34 90 65 9 74 8 95 21 45 78 31 24 80 21 81 93 77 11 57 37 44 46 58 27 40 51 17 27 3 46 72 63 6 68 64 66 80 48 64 85 94 35 22 12 80 90 47 2 57 93 58 23 49 27 61 17 90 88 14 23 60 70 72 3 7 4 19 61 46 27 35 31 47 79 48 1 18 19 28 77 6 73 1 100 38 80 23 57 30 85 39 58 99 
77 3 38 82 97 83 36 84 93 64 53 37 2 19 44 24 74 64 75 79 85 55 9 32 58 56 30 91 73 25 2 80 41 79 31 50 85 27 19 25 91 40 86 95 47 83 41 13 87 58 66 39 88 99 58 50 23 74 96 57 17 66 86 92 23 44 96 74 54 98 64 79 16 25 20 42 87 66 66 47 52 17 100 33 94 60 72 11 89 55 3 67 77 62 49 97 78 78 58 93 56 32 62 91 76 25 56 51 4 52 72 38 45 36 76 14 20 32 52 13 69 54 73 62 85 9 30 80 
87 99 22 75 87 27 15 50 50 82 1 33 0 73 61 19 25 56 38 77 95 10 81 41 72 94 94 81 36 100 63 33 54 94 66 27 54 23 94 21 92 10 37 43 21 18 76 62 79 95 73 32 62 50 37 60 3 91 39 49 60 9 86 43 84 5 13 98 42 82 4 41 94 13 49 51 70 32 11 44 43 57 53 31 26 94 50 55 81 40 35 94 85 48 26 91 66 76 98 3 27 66 69 75 20 22 25 51 100 39 7 90 29 48 99 34 98 63 18 80 23 69 56 17 38 68 68 98 
46 9 90 23 1 25 28 86 13 17 60 44 61 88 10 95 44 54 98 98 12 30 10 82 99 79 56 18 78 43 14 70 58 66 83 94 14 95 80 48 59 25 28 92 43 58 66 21 87 18 32 16 79 58 44 47 52 95 70 21 26 81 46 68 0 59 33 72 88 94 34 54 47 3 30 46 26 70 10 22 59 27 64 23 44 69 60 16 97 100 50 20 29 3 89 26 71 40 31 96 80 34 55 76 38 77 16 2 25 78 43 95 30 27 93 77 29 3 57 86 24 62 86 1 32 31 4 18 
98 63 48 87 53 75 65 49 15 10 65 10 2 37 10 73 9 18 69 85 71 51 15 57 99 11 12 55 0 62 76 35 91 0 75 68 62 70 0 36 34 13 64 38 18 67 13 55 93 22 30 73 59 92 30 7 11 93 22 94 80 81 74 5 50 15 21 35 88 42 63 23 86 13 75 26 13 99 45 68 21 89 29 35 12 100 94 56 74 89 40 97 36 36 54 64 93 47 59 56 96 38 12 75 58 75 53 67 31 85 41 49 1 35 81 24 84 17 73 35 23 47 67 31 0 92 62 33 
18 58 33 69 85 73 37 16 32 53 8 39 85 5 44 70 16 64 0 33 8 16 9 23 74 8 28 48 59 21 95 54 59 60 59 2 83 47 77 75 35 58 82 13 9 87 32 14 51 25 64 66 48 48 96 51 23 100 96 89 25 22 27 82 52 46 16 57 49 44 19 58 14 57 27 14 66 20 14 96 91 15 69 0 43 25 7 14 75 79 21 34 30 49 28 71 68 67 53 96 32 97 55 93 99 99 82 61 0 36 51 30 84 43 26 70 59 49 28 90 82 39 36 40 65 36 84 17 
58 81 7 99 41 10 12 34 58 24 57 70 18 1 19 11 11 1 15 77 54 87 2 89 61 56 46 94 12 3 27 74 85 5 54 98 83 49 47 85 57 44 76 46 41 83 37 57 10 82 0 82 61 42 8 29 85 36 24 63 24 68 19 72 34 50 12 40 67 94 66 27 48 0 98 72 22 70 29 49 19 1 6 67 31 42 41 74 46 55 92 40 40 74 6 40 71 37 30 70 37 54 92 54 94 7 26 40 87 73 49 76 70 64 0 14 24 40 28 97 83 43 98 23 6 55 57 100 
12 56 16 49 67 7 46 39 89 75 69 41 78 39 99 61 8 27 73 12 36 74 1 40 12 24 91 0 72 43 45 53 95 61 68 88 71 0 37 20 96 2 97 8 23 56 7 78 87 88 29 69 26 49 39 33 6 67 28 15 44 35 24 19 68 5 49 65 39 58 63 89 99 52 11 39 87 65 26 97 89 21 61 28 70 46 92 33 93 33 41 89 6 87 53 6 44 49 91 58 10 7 61 20 86 77 92 65 99 41 85 30 11 83 65 49 32 2 13 41 16 23 68 25 69 8 100 29 
32 31 45 65 51 80 61 28 97 31 20 67 33 54 20 97 96 49 12 46 23 59 85 38 46 79 79 75 39 24 29 99 93 25 62 92 22 10 55 8 98 72 17 12 96 78 62 4 6 17 22 32 86 14 21 55 95 44 51 82 31 66 61 0 91 75 30 16 70 93 64 85 17 86 63 35 42 97 100 40 27 16 42 34 93 57 8 34 77 39 84 47 67 19 90 12 100 63 61 90 20 85 42 8 6 88 61 7 49 25 29 73 91 22 44 98 44 90 0 46 84 34 49 100 21 27 63 42 
2 18 35 65 42 85 3 73 48 15 2 29 30 50 76 43 48 68 69 28 9 28 56 19 56 35 94 36 33 35 74 16 50 55 89 54 28 68 77 38 56 59 95 54 7 86 41 0 18 69 37 50 34 15 62 90 90 26 76 23 46 90 42 58 46 12 51 24 76 16 44 19 90 75 47 64 31 26 12 54 84 19 57 80 50 54 30 21 38 0 18 79 68 93 15 27 68 19 43 42 17 61 78 8 98 25 34 4 70 9 1 15 26 44 73 61 84 43 52 9 52 5 22 93 40 50 50 90 
78 3 51 32 36 42 51 20 1 15 33 86 61 78 61 1 30 32 96 28 52 7 66 55 80 24 32 43 17 55 83 49 34 0 40 17 94 95 52 38 46 94 81 56 10 3 98 22 52 66 57 88 38 69 74 60 17 95 59 45 77 87 61 21 10 45 63 87 67 91 9 86 36 94 19 80 93 58 48 97 1 64 26 10 91 65 61 32 50 88 7 41 5 41 20 55 62 55 9 62 2 92 85 45 99 5 71 60 68 43 14 8 93 81 30 54 50 84 8 76 95 82 98 32 53 66 19 99 
84 27 22 19 54 98 80 35 47 21 1 5 77 31 78 52 36 60 93 36 88 7 85 56 76 52 46 17 19 61 19 44 97 38 98 57 97 70 97 47 43 57 56 68 78 66 94 14 3 11 3 37 7 62 66 69 95 51 69 44 50 84 69 4 43 28 21 53 91 17 100 30 90 76 84 10 21 68 18 2 3 10 88 43 30 65 89 89 91 64 1 5 99 55 7 3 56 14 63 68 56 90 96 25 75 98 27 50 2 4 81 17 10 34 6 16 19 66 13 100 20 49 95 46 38 31 92 10 
8 6 72 3 59 27 79 25 26 60 60 40 73 33 65 40 6 63 79 89 7 91 21 15 41 78 60 59 8 2 96 95 50 89 20 26 60 73 100 16 45 9 4 29 32 17 58 14 40 32 10 48 34 16 36 4 9 72 95 9 60 7 46 60 51 56 9 30 13 89 82 12 64 60 18 39 79 3 20 66 39 73 87 51 91 1 22 78 47 3 14 1 60 55 34 45 31 9 24 73 73 89 52 91 6 36 70 88 33 35 71 74 75 8 25 78 61 86 31 1 90 33 62 87 14 48 2 22 
3 28 7 65 29 15 58 33 34 37 16 4 25 16 9 22 25 28 98 25 70 57 3 2 66 45 82 82 23 17 61 45 91 56 95 29 48 47 44 18 80 64 11 29 33 26 24 86 85 7 85 69 93 45 84 30 5 33 45 51 9 84 84 43 0 94 39 66 12 15 30 26 28 36 56 4 54 25 87 79 73 16 73 34 30 6 43 75 71 53 80 42 54 77 17 63 31 19 16 5 19 29 65 13 7 92 45 63 16 41 96 10 17 78 20 32 0 66 86 53 19 15 18 40 89 3 92 82 
25 97 6 33 86 0 99 25 11 44 16 27 57 76 40 85 43 51 87 16 16 45 2 10 84 17 32 46 16 81 25 1 40 4 30 79 24 99 23 85 76 20 94 83 41 28 89 78 100 30 88 52 16 8 15 22 85 25 37 100 96 49 58 40 84 60 27 88 50 21 18 94 24 24 84 66 57 63 83 100 20 39 90 40 11 62 46 4 72 62 79 78 16 9 67 83 70 9 66 75 99 54 67 3 46 33 72 24 30 82 24 18 27 52 61 86 87 52 21 45 52 18 98 84 58 3 30 30 
89 36 60 83 0 78 68 14 65 20 98 38 84 50 29 32 1 39 61 5 12 48 5 96 40 94 37 12 4 74 20 72 39 31 32 41 35 17 38 11 89 51 74 41 12 93 18 37 66 31 80 18 81 31 8 58 17 67 44 45 60 6 74 89 85 46 60 39 30 0 82 39 76 37 30 58 18 82 45 35 49 81 79 82 30 14 39 75 49 54 39 65 53 25 88 65 82 14 4 52 5 34 12 87 7 0 90 77 85 99 46 98 73 35 86 48 31 55 68 37 79 23 21 8 23 57 58 42 
14 86 87 7 80 28 73 47 84 67 83 4 33 95 46 43 44 6 44 86 74 38 91 9 58 7 95 72 59 98 70 77 39 22 78 0 16 70 68 57 86 75 78 16 2 31 30 38 34 74 55 72 16 68 79 30 95 89 22 64 57 41 91 49 93 69 65 92 78 49 24 91 19 34 97 35 98 35 96 63 20 44 84 72 62 57 96 47 100 96 80 31 81 98 65 41 45 52 60 25 76 68 15 40 85 80 28 0 13 0 81 79 93 99 69 85 66 21 13 13 65 63 24 0 24 95 32 69 
34 86 44 68 12 66 54 14 91 94 59 83 31 80 70 2 49 53 84 70 25 39 77 71 73 51 8 77 71 14 19 7 4 52 47 80 58 61 79 100 27 57 98 44 76 3 43 97 43 87 68 43 86 48 23 44 81 100 78 81 27 6 77 74 54 95 31 15 20 95 58 9 30 20 61 96 62 79 72 99 29 80 61 80 6 15 24 91 95 11 95 92 82 7 95 28 40 34 72 46 36 55 7 9 95 39 96 79 32 93 37 8 36 85 13 33 19 22 25 14 35 27 34 44 69 54 15 39 
6 31 59 45 5 95 0 7 82 28 87 41 28 6 14 71 2 9 75 31 86 47 9 86 19 66 90 42 22 78 6 44 79 84 40 40 21 16 78 29 59 95 14 20 1 41 40 59 48 76 28 83 87 65 54 87 21 15 19 99 67 24 82 93 93 16 8 13 28 13 89 64 80 51 87 55 93 10 33 30 61 12 47 69 20 15 2 18 71 74 16 70 84 79 61 22 79 74 98 11 16 87 12 37 28 49 68 8 6 64 83 41 29 70 94 53 68 30 74 40 91 58 18 77 73 42 9 55 
55 40 96 1 84 19 66 69 6 1 7 31 83 29 75 49 86 60 93 14 55 29 31 48 31 23 67 16 82 69 42 24 37 72 92 82 25 4 51 36 77 65 14 18 46 85 6 27 94 16 90 43 80 89 74 62 75 63 87 94 78 46 58 1 24 84 55 85 46 7 82 79 10 19 49 73 38 64 13 45 37 80 100 66 73 32 84 3 39 12 57 35 1 76 47 47 6 15 12 69 74 5 75 26 12 5 78 1 29 30 53 15 100 11 78 10 94 52 87 52 59 88 23 56 95 36 58 65 
67 86 17 61 84 48 95 8 21 81 27 94 9 8 51 40 90 33 80 49 10 12 96 38 74 11 12 8 68 75 23 28 32 51 32 27 22 65 36 86 45 12 82 71 11 99 23 90 86 58 43 48 23 43 40 15 72 4 8 48 13 49 61 92 25 72 63 87 95 88 16 80 71 15 93 6 53 16 80 3 9 19 38 36 69 75 18 92 38 70 95 19 38 52 62 69 80 13 93 44 84 98 36 52 32 87 31 1 12 97 25 0 90 15 24 28 90 30 92 83 70 1 71 64 57 43 52 42 
25 48 36 47 68 81 69 68 49 10 71 86 96 59 88 27 67 34 30 92 69 21 75 13 68 83 88 76 23 73 57 62 18 56 54 9 100 78 76 50 86 8 40 66 29 81 20 75 15 68 58 49 51 17 77 97 96 13 55 86 9 95 28 45 53 36 53 98 0 76 53 7 71 18 2 2 75 88 22 71 54 45 28 89 45 18 85 23 17 20 5 21 99 52 22 76 14 44 88 75 66 27 31 2 2 73 31 58 65 6 58 86 30 91 14 40 66 3 12 22 85 70 40 30 31 89 20 49 
71 77 84 89 22 18 42 86 26 28 72 85 69 2 45 41 24 60 13 23 75 45 100 47 6 22 30 62 13 70 95 39 96 89 0 74 82 25 26 63 40 74 19 2 74 63 34 19 23 33 62 40 54 13 48 68 31 86 1 74 1 50 75 76 42 28 12 97 43 95 22 58 2 37 31 99 41 3 85 83 99 78 3 76 48 4 41 78 57 99 5 41 87 12 58 4 17 3 95 84 78 53 48 88 89 23 17 90 46 27 31 17 92 41 92 64 51 81 64 28 62 69 62 7 52 14 56 79 
98 85 31 72 79 31 18 37 68 20 64 13 41 15 11 67 30 26 67 70 87 36 7 59 57 13 49 48 41 54 87 40 34 91 0 48 71 68 6 29 33 14 16 33 47 30 79 52 0 8 10 20 1 68 89 76 52 31 71 78 79 55 85 44 64 49 21 59 9 44 34 76 65 49 83 25 43 99 90 8 62 11 27 6 44 71 55 64 44 3 16 98 48 23 63 1 88 69 68 97 98 59 71 33 2 4 73 57 30 85 55 72 85 48 24 13 27 86 13 78 69 16 0 16 86 3 79 2 
49 4 90 77 88 67 87 56 8 70 49 60 0 48 29 25 32 16 75 92 54 1 58 71 31 65 91 51 81 77 96 23 21 25 24 86 40 36 78 95 34 60 100 24 67 80 42 54 15 75 52 93 45 36 57 71 82 65 40 82 37 29 13 61 88 2 85 86 51 25 60 69 66 93 9 49 47 84 44 76 24 63 87 93 61 20 2 58 89 50 63 16 88 71 72 90 14 57 100 32 64 84 42 87 63 95 70 4 92 20 49 84 98 14 61 23 40 3 21 21 30 31 60 31 35 36 54 18 
36 53 28 2 38 47 30 40 100 84 29 86 48 66 64 23 44 4 92 23 90 65 94 51 41 39 38 28 69 19 35 51 87 9 69 71 18 37 28 38 85 75 56 0 89 15 76 36 59 71 3 72 76 60 86 48 46 70 34 13 80 14 29 8 64 72 13 23 60 2 24 80 99 28 85 36 27 31 7 72 87 37 10 45 57 28 9 91 18 85 76 40 87 16 59 23 13 0 5 75 54 19 2 40 74 25 87 9 71 8 16 8 5 30 81 30 48 1 92 32 73 98 5 73 38 97 62 52 
79 49 52 50 17 27 98 16 50 32 26 40 1 96 33 77 41 8 37 29 57 45 91 36 67 78 64 64 68 27 10 54 52 10 52 3 41 88 4 43 21 74 32 47 29 100 86 68 100 97 98 16 3 55 73 92 5 49 40 87 5 36 7 45 45 0 17 69 55 18 44 97 37 65 34 23 49 58 68 90 47 47 24 84 10 60 57 3 6 63 49 78 33 93 17 33 64 76 64 57 93 33 67 66 38 89 42 1 79 7 49 40 55 40 57 3 58 67 74 95 13 49 95 86 59 39 83 54 
1 40 63 51 76 0 20 41 96 70 74 10 62 7 22 38 38 30 11 57 80 23 59 86 4 3 74 25 19 68 64 52 29 4 47 90 47 54 71 52 51 29 7 47 56 48 94 96 9 30 81 86 52 77 79 25 97 72 2 36 17 44 8 41 90 29 82 39 41 84 51 8 23 10 69 60 87 93 24 34 98 7 63 1 92 84 78 91 87 17 75 49 64 77 58 70 0 91 27 67 59 20 45 91 63 14 93 80 31 91 94 34 49 47 85 76 23 12 51 80 30 26 75 36 12 40 39 55 
61 100 0 27 69 83 87 82 67 59 46 49 97 84 17 79 18 17 5 71 71 65 68 43 61 25 66 79 76 37 36 7 74 87 70 12 37 43 78 29 84 93 65 42 39 97 31 97 46 71 81 20 80 38 71 48 15 90 1 46 3 92 83 31 15 7 36 90 36 81 47 94 49 30 31 52 42 45 60 95 52 16 56 41 79 81 74 59 47 45 55 35 86 96 86 42 31 24 2 23 35 28 36 26 0 53 54 69 90 73 37 46 60 87 82 86 24 13 40 89 65 72 34 3 1 77 77 13 
64 13 12 69 62 91 88 31 46 45 87 97 49 55 77 51 28 100 16 14 87 85 60 23 96 62 96 14 64 64 78 84 87 21 14 95 16 53 51 54 11 43 17 70 49 22 63 78 11 51 28 45 11 71 64 21 83 68 35 72 62 46 100 16 69 52 52 83 85 87 96 86 24 65 30 32 82 24 49 65 58 30 81 6 66 87 39 44 86 90 28 66 60 91 35 62 56 31 14 13 69 94 71 56 62 23 60 3 78 64 95 54 36 54 98 43 18 32 68 16 28 74 15 21 58 75 66 83 
5 17 37 39 51 83 41 64 35 80 34 26 19 79 95 18 82 0 24 87 90 24 70 89 1 60 49 48 9 73 20 77 38 86 72 92 77 62 78 47 35 18 24 52 0 75 80 47 56 71 16 5 86 12 91 70 91 74 19 74 96 97 70 71 81 86 41 68 94 42 92 99 2 45 48 31 34 51 7 18 33 79 53 18 58 6 94 66 47 45 65 45 23 75 80 16 90 71 61 97 69 2 33 81 19 66 68 71 84 87 27 54 66 16 8 73 61 48 85 22 60 66 5 46 41 69 81 81 
70 55 53 83 27 7 56 57 7 37 84 1 85 33 18 19 8 78 25 84 61 3 58 30 33 50 89 24 15 8 23 76 31 10 60 2 45 82 96 28 89 8 6 88 69 33 67 17 84 100 22 9 85 48 65 91 68 25 53 83 59 90 75 11 98 49 57 48 92 15 80 38 69 80 70 88 39 8 56 91 13 73 1 21 89 53 58 99 56 52 93 62 85 92 57 19 7 10 15 61 27 60 16 82 62 43 71 8 21 51 77 45 4 40 52 51 33 1 74 3 36 93 37 10 14 23 70 77 
58 42 58 78 16 86 64 77 56 70 76 51 85 9 65 78 14 4 23 16 21 50 62 77 11 18 35 70 50 86 60 15 57 62 64 94 70 17 55 65 9 77 20 90 80 56 28 42 25 44 70 19 12 70 66 96 38 47 54 21 30 20 59 22 27 20 39 90 73 59 8 37 3 65 26 10 56 11 62 9 75 0 54 19 57 18 74 39 49 43 16 36 67 80 58 67 41 76 38 9 17 88 51 48 71 27 98 79 47 50 13 54 77 37 84 23 85 73 27 65 76 28 76 93 72 87 0 21 
10 38 20 57 43 93 52 23 75 2 47 95 63 68 34 96 68 24 83 43 74 31 49 65 12 54 32 57 100 92 63 5 64 1 67 5 13 5 25 23 67 34 34 31 34 81 58 69 81 92 29 7 7 64 83 63 2 28 77 72 40 54 83 4 42 31 23 1 3 22 69 16 85 83 71 76 55 58 13 77 14 61 54 34 3 84 78 63 77 81 37 80 9 99 19 90 82 97 6 56 85 95 23 80 77 50 62 57 43 100 87 11 79 89 91 69 100 63 41 17 32 25 22 54 65 16 2 81 
22 0 0 36 48 82 1 85 96 86 55 44 44 81 83 96 16 53 63 100 25 59 14 68 36 45 44 6 23 1 82 15 28 23 78 78 82 72 70 81 53 33 5 44 7 53 80 33 95 79 75 23 73 98 8 3 42 15 76 69 29 83 49 53 40 38 46 47 70 83 11 2 1 30 70 34 96 7 5 94 54 21 26 0 28 1 8 24 27 62 6 52 80 82 57 71 82 87 69 2 62 68 84 83 5 91 74 62 29 85 12 97 84 84 55 32 84 92 78 51 36 40 33 76 55 86 77 63 
90 30 62 35 82 28 66 74 84 52 48 6 70 53 1 62 60 88 54 36 2 39 80 44 32 96 60 52 58 38 55 75 1 43 85 100 57 40 91 19 32 0 49 90 87 54 96 94 65 71 72 31 34 52 64 84 77 97 3 30 99 29 87 14 31 6 48 50 20 36 82 58 88 69 64 62 97 92 54 10 80 76 91 83 48 33 5 39 10 83 26 33 77 39 70 87 1 73 41 6 1 22 51 38 19 36 80 84 82 35 21 96 15 35 19 79 49 29 72 69 100 64 75 98 9 39 94 63 
42 76 93 57 63 24 5 76 31 43 45 38 49 95 14 40 94 37 10 84 34 54 48 58 3 37 0 21 49 58 13 26 26 99 90 45 22 94 6 17 84 5 80 93 24 24 56 23 34 68 90 84 100 73 70 59 17 91 81 59 57 97 70 87 52 9 79 21 26 18 96 44 97 39 41 60 92 2 12 15 73 65 34 44 57 16 27 76 32 53 63 42 67 8 90 86 84 56 5 70 37 63 76 48 25 58 3 79 50 57 83 1 2 27 0 37 3 44 93 39 39 89 25 94 15 29 40 94 
96 50 26 4 3 55 41 79 59 4 71 100 22 29 45 49 73 38 82 85 38 59 66 65 21 4 94 5 92 54 91 60 8 9 44 64 76 43 34 68 22 12 13 52 87 94 68 95 94 70 74 67 90 73 47 74 24 87 92 82 69 4 16 82 94 100 61 64 55 2 37 61 41 36 48 39 56 60 81 21 52 23 67 74 31 43 63 89 53 18 15 21 80 34 36 93 14 7 17 10 50 79 66 63 81 91 84 12 34 20 53 31 63 34 20 24 25 39 54 4 80 11 9 66 78 2 25 1 
71 45 3 44 33 78 62 24 52 47 13 51 55 60 2 16 61 44 18 21 8 76 63 74 67 34 17 28 22 41 24 14 5 26 54 24 72 32 2 79 65 65 81 88 52 99 61 17 40 54 63 18 69 29 46 57 16 82 44 11 92 7 65 93 55 76 15 92 68 47 51 58 33 69 16 75 44 0 35 52 31 43 7 22 96 83 89 47 60 20 60 25 90 89 70 80 82 46 4 67 93 84 82 78 59 76 48 73 60 71 89 13 85 78 25 14 5 31 58 33 47 70 51 79 80 68 42 76 
30 48 47 54 6 69 86 0 3 75 62 39 100 38 77 47 58 56 86 82 21 91 16 46 28 21 64 21 72 21 18 77 12 58 17 22 30 10 36 16 91 86 1 35 61 41 94 47 56 81 70 97 44 10 80 2 41 15 56 2 29 93 94 29 68 57 67 42 45 76 13 80 69 61 54 90 61 18 99 64 32 81 38 66 1 26 28 73 48 72 70 1 57 37 31 19 7 18 1 30 6 13 49 62 67 66 45 67 42 31 98 8 26 30 54 59 13 98 83 87 95 78 16 45 6 0 44 18 
26 49 28 54 52 50 35 70 6 8 46 67 64 59 39 51 71 14 14 94 96 21 68 20 2 100 83 35 41 31 91 59 83 71 44 35 10 61 64 19 100 26 33 82 84 73 70 70 9 37 43 72 16 47 87 76 66 51 66 71 85 12 0 29 82 11 78 60 45 82 64 78 96 65 47 43 66 2 87 28 60 5 53 32 22 85 6 55 37 86 41 72 84 79 43 42 99 75 3 48 49 67 91 1 88 40 19 35 99 0 0 69 89 68 2 22 87 71 55 79 9 7 98 8 97 37 57 35 
89 76 80 94 51 73 93 91 96 20 43 92 11 31 91 16 72 87 20 73 56 69 8 83 93 92 26 48 54 61 55 15 5 57 34 35 85 64 88 97 33 24 6 71 15 65 87 4 0 32 61 24 90 49 71 40 36 48 44 41 57 55 53 59 51 50 64 5 81 61 17 6 34 13 2 44 46 60 19 43 98 20 63 8 79 64 9 56 76 78 41 14 21 12 85 86 100 80 40 96 99 5 74 2 35 18 96 87 88 37 56 31 36 91 70 47 19 11 26 31 44 51 4 66 88 34 38 15 
58 20 8 63 50 51 95 88 28 3 30 69 67 21 85 15 3 71 98 17 66 55 11 1 45 19 89 57 82 87 46 15 33 20 61 26 38 42 47 64 23 40 20 18 17 90 19 46 93 43 39 88 25 24 38 21 85 40 53 53 23 58 93 74 63 49 2 58 38 60 79 3 46 76 12 56 100 99 2 50 68 57 50 77 68 83 69 70 87 40 33 52 82 69 76 7 39 7 97 27 49 6 41 99 27 85 44 46 37 81 12 69 40 30 85 85 25 98 32 6 44 26 1 3 30 16 45 0 
84 56 87 0 60 61 31 99 47 17 36 53 5 62 68 68 97 19 65 3 20 46 90 74 77 42 0 32 43 32 27 16 11 30 56 37 97 27 82 84 73 17 79 4 45 95 66 95 85 63 100 82 21 13 34 26 95 46 70 48 5 62 73 5 41 71 87 74 52 67 59 46 8 50 93 38 29 18 80 77 35 41 86 95 10 42 91 15 9 97 39 60 83 85 0 26 77 22 58 23 92 15 60 4 0 26 57 28 17 12 97 70 47 78 47 30 50 56 48 23 0 72 27 41 3 95 83 86 
70 40 31 28 57 58 3 65 56 57 29 1 95 17 35 21 47 5 22 39 93 36 76 21 74 42 76 98 7 41 16 7 19 19 76 88 33 46 24 56 33 56 27 34 73 97 60 35 46 75 16 25 88 63 76 38 5 64 77 27 60 57 90 45 31 6 99 34 59 63 39 33 90 34 47 66 29 98 78 21 29 19 22 16 100 73 11 11 13 30 88 45 72 55 92 72 25 58 96 75 13 40 91 54 78 84 46 74 69 4 21 57 61 44 29 22 48 82 65 59 91 30 46 10 45 27 36 71 
50 7 63 18 46 78 70 46 54 96 58 16 25 72 29 97 44 63 32 60 3 80 33 27 97 80 13 97 37 17 35 73 88 92 77 90 97 2 61 29 48 14 18 21 45 69 60 46 72 60 53 8 92 86 7 85 48 0 67 7 24 21 77 61 17 14 99 37 57 49 10 45 92 81 6 18 64 31 55 63 45 15 82 76 78 45 100 93 82 3 51 28 43 33 78 100 58 68 65 85 80 61 100 96 92 34 77 96 39 58 41 41 38 58 80 46 60 13 24 36 53 32 9 11 35 46 46 47 
60 19 81 99 7 38 3 64 66 59 17 83 92 13 25 73 22 19 18 25 8 22 17 11 91 86 76 13 81 49 21 97 49 8 24 96 52 9 41 40 36 71 44 90 26 43 61 46 25 38 65 72 8 57 37 72 20 4 100 6 59 45 12 53 34 97 71 19 68 50 96 15 76 22 53 9 74 45 73 89 18 61 40 32 24 33 86 81 98 20 46 57 56 17 14 96 51 36 93 62 86 49 57 71 82 58 62 71 57 77 0 2 23 69 53 43 46 5 79 52 74 46 47 87 79 11 26 96 
1 76 20 99 79 34 33 10 23 28 73 59 31 97 12 20 57 18 44 58 61 96 62 88 98 34 95 16 22 18 84 51 9 91 67 47 38 53 89 65 29 66 0 5 37 71 92 88 76 12 12 61 11 98 29 91 23 94 2 29 96 97 70 64 21 97 97 13 73 83 78 3 28 83 21 54 81 89 59 39 60 56 58 72 67 52 76 9 34 100 30 34 50 56 19 93 8 98 79 63 20 80 30 38 83 26 6 8 57 82 100 71 77 90 50 24 72 94 33 6 58 52 31 4 43 82 39 71 
67 22 3 15 67 25 63 48 91 42 44 68 89 45 3 30 10 23 80 71 33 30 71 68 74 51 64 54 59 83 30 31 14 13 16 13 75 87 84 97 72 8 68 15 94 17 27 12 56 44 54 6 32 73 49 32 62 77 79 36 93 72 54 42 15 27 50 40 81 60 75 31 81 100 14 53 24 17 32 73 68 46 52 7 15 80 18 4 57 62 71 57 45 76 27 13 92 47 79 73 7 76 44 70 42 66 10 17 1 80 82 42 0 15 46 82 17 45 30 90 17 10 86 31 76 31 56 59 
73 97 57 99 96 76 21 5 5 2 96 66 16 44 43 17 62 89 96 59 13 15 90 94 49 17 84 29 70 14 81 91 75 79 46 34 81 23 10 72 20 84 75 50 22 16 89 14 54 18 41 2 89 74 56 25 64 45 9 66 90 21 48 21 31 84 80 44 42 36 47 20 94 62 26 88 69 84 21 72 40 36 63 0 16 83 89 79 78 13 21 40 91 86 20 40 95 47 86 63 72 20 57 56 51 34 13 52 6 77 52 23 44 95 43 51 68 87 100 44 30 97 84 81 4 82 82 19 
48 6 54 37 52 36 51 17 74 11 26 40 8 19 10 12 40 0 46 53 12 69 77 22 39 88 46 94 85 61 49 78 91 50 77 63 30 43 7 1 65 38 77 92 79 17 49 47 57 73 10 62 29 99 27 16 92 99 74 47 87 81 35 19 46 14 78 47 87 25 87 72 97 65 23 53 70 99 42 32 94 37 8 36 63 65 61 23 99 7 27 57 98 54 12 94 27 26 50 14 89 79 54 82 92 20 39 21 50 44 8 76 66 64 75 99 99 60 21 14 39 44 41 83 68 40 6 88 
92 97 40 62 19 72 6 39 2 96 41 53 17 74 56 86 21 46 48 10 29 95 38 72 97 21 64 68 29 86 43 29 40 74 13 100 95 99 18 37 100 84 49 19 83 60 7 99 3 42 89 9 4 9 1 41 85 99 88 31 34 36 18 4 28 65 95 59 75 44 13 9 9 100 71 89 47 1 26 2 34 87 36 22 18 97 99 50 44 10 53 68 94 66 25 11 81 19 48 71 28 72 98 40 52 17 72 68 18 68 36 93 11 14 96 31 56 38 95 62 88 15 22 77 26 30 67 87 
80 67 49 4 34 84 27 23 21 31 52 22 28 64 36 46 90 98 15 84 84 54 92 43 100 5 81 65 47 20 29 28 96 15 23 83 42 72 73 53 17 79 97 1 87 42 47 97 21 38 53 6 60 65 69 60 70 84 41 14 41 45 38 95 47 63 28 3 60 66 25 48 95 100 6 3 61 34 83 54 1 97 36 7 65 74 8 30 38 10 59 30 63 57 75 64 73 24 88 8 58 65 100 6 68 0 0 68 98 60 9 51 26 75 57 44 61 4 21 96 4 71 82 47 96 41 68 49 
44 26 100 0 16 22 97 11 97 4 85 53 18 3 91 49 14 97 87 52 75 41 49 42 19 64 45 31 63 79 9 15 88 84 20 93 75 91 42 41 75 24 8 22 24 22 70 13 54 30 51 69 2 54 61 65 11 8 46 4 36 56 88 57 6 28 99 66 5 45 99 57 70 31 86 26 40 3 78 13 43 86 49 60 90 40 98 49 18 94 14 22 15 99 89 54 7 48 6 42 84 60 4 24 4 85 86 77 63 0 0 63 19 71 68 89 86 7 86 98 84 24 70 78 27 20 89 61 
66 99 51 45 92 99 97 47 60 50 61 45 12 29 82 84 81 30 57 85 96 44 100 12 52 50 18 1 71 16 17 81 80 29 44 36 37 36 59 87 92 79 10 29 63 32 48 88 2 23 12 63 36 16 3 35 8 28 90 94 96 42 52 39 60 10 9 67 67 78 25 35 41 53 61 86 20 40 85 62 41 32 28 87 88 95 94 44 30 63 75 51 76 16 66 5 88 19 27 51 0 87 62 98 74 34 18 13 89 79 52 16 88 56 79 22 63 86 55 53 60 8 95 67 23 10 53 99 
99 32 62 21 30 91 33 71 59 51 88 20 75 89 51 61 95 78 29 19 29 83 78 85 90 25 98 0 57 96 41 58 20 69 70 60 77 64 43 44 49 65 28 69 70 83 79 24 99 26 100 53 58 49 25 29 70 27 13 85 48 40 69 9 56 44 71 21 95 61 5 69 97 54 71 66 28 58 36 80 60 21 78 79 48 52 63 82 29 84 94 36 35 70 19 69 57 40 64 37 24 68 2 16 7 38 24 41 93 77 6 26 6 71 42 31 25 57 22 67 41 19 66 35 73 44 53 72 
51 81 64 61 45 79 31 6 14 41 62 8 34 5 79 25 66 20 98 97 22 38 26 34 100 69 80 50 84 70 10 88 39 92 3 90 6 77 98 29 68 61 51 80 50 79 31 5 68 25 99 63 80 73 41 47 43 43 49 97 97 30 17 22 50 0 89 88 50 51 62 80 61 62 79 89 72 90 30 24 59 5 47 33 40 89 48 88 79 8 97 77 10 21 20 34 74 46 67 60 10 55 38 17 79 61 87 12 0 74 26 66 67 38 22 93 90 43 74 21 17 2 100 57 29 69 14 55 
95 58 7 4 67 32 82 69 2 46 76 36 1 99 48 24 83 8 6 8 32 2 1 77 21 6 33 76 68 8 2 85 22 66 2 59 66 13 63 54 85 14 86 55 32 17 13 40 69 42 82 87 52 9 17 19 16 83 35 52 34 14 50 11 45 14 46 43 92 44 29 2 86 57 27 93 55 49 71 36 15 88 51 89 44 66 62 38 53 31 14 87 27 43 92 0 95 17 0 90 12 62 64 7 75 78 93 26 68 48 80 63 6 41 16 50 15 95 67 59 6 52 90 98 76 35 58 19 
0 12 12 4 76 50 26 16 46 42 65 0 5 91 74 16 3 85 84 46 31 91 41 71 87 27 71 6 46 43 3 50 71 94 59 44 70 95 11 71 28 73 23 98 94 20 57 15 84 52 43 9 92 23 58 69 100 47 95 60 11 19 66 37 56 95 26 34 19 22 2 73 75 78 29 20 80 55 42 91 85 78 65 98 73 29 75 86 81 68 80 5 68 100 60 75 86 52 64 96 84 27 25 62 100 66 7 29 38 47 28 64 90 10 22 46 35 4 94 48 8 74 3 28 72 37 69 43 
25 91 47 35 59 20 16 36 18 31 95 45 61 34 38 63 81 99 17 36 0 95 71 15 11 53 89 94 72 80 5 56 47 54 58 76 82 46 70 51 52 85 74 79 79 89 79 81 5 94 98 34 80 35 86 65 18 42 26 48 69 40 84 23 88 49 4 41 74 8 28 32 81 20 47 92 58 45 35 57 75 31 13 8 93 28 24 31 74 30 94 53 45 14 51 89 35 0 3 32 7 94 56 86 83 13 99 0 74 32 96 41 75 30 93 13 45 49 80 61 0 94 50 70 79 90 66 27 
15 27 1 73 51 84 10 65 35 86 28 98 37 100 54 69 87 97 72 2 84 24 31 41 69 69 93 45 60 30 99 8 24 37 99 12 54 34 19 20 9 34 39 99 61 95 4 31 30 64 16 74 42 96 73 27 80 40 36 84 61 93 36 11 30 80 85 72 4 6 17 53 33 45 94 19 13 0 29 38 53 46 49 34 78 69 74 4 87 18 100 40 34 68 31 77 63 0 43 41 20 70 72 7 33 71 66 7 92 42 29 65 50 67 39 96 22 43 54 25 96 75 87 59 32 26 5 45 
34 36 10 62 58 81 47 2 70 20 29 69 91 48 65 2 39 17 7 5 75 16 87 82 39 38 42 38 93 55 30 45 16 10 41 85 98 34 12 0 34 67 81 95 58 89 31 47 93 52 47 66 70 83 68 76 71 79 17 60 92 20 21 26 94 35 24 72 34 41 6 80 53 83 61 3 84 80 22 50 49 90 79 79 2 91 11 51 38 82 96 54 35 19 66 4 100 24 26 76 2 64 86 9 30 63 12 28 8 98 51 3 73 0 3 19 59 88 26 57 17 70 70 69 78 31 36 45 
32 29 57 39 83 43 25 44 62 34 41 27 91 84 16 80 82 51 84 83 60 49 73 99 50 94 9 61 62 11 19 52 80 48 95 66 95 33 37 1 71 11 44 100 96 67 43 69 24 29 23 58 88 44 90 5 57 63 35 72 55 97 58 76 26 44 17 70 68 34 42 17 100 7 21 94 45 40 37 77 6 73 60 59 97 88 87 59 85 5 95 61 77 64 48 78 86 19 41 60 18 14 50 3 79 57 58 43 31 100 70 45 71 89 27 32 15 9 79 12 80 48 97 98 90 55 87 5 
43 25 28 52 36 15 90 74 30 54 50 44 7 61 98 98 41 17 21 45 96 97 30 81 26 24 77 61 23 35 98 30 64 93 35 59 20 7 43 91 5 100 39 84 54 43 80 75 31 4 43 55 39 39 55 38 95 64 78 89 19 62 37 53 9 97 22 55 71 25 88 60 95 23 14 56 1 95 77 31 73 91 54 92 8 79 55 71 22 70 63 65 33 61 31 48 60 62 93 15 5 54 67 56 64 39 30 65 91 83 41 26 29 17 27 18 81 72 52 84 61 83 89 44 75 41 88 69 
96 80 77 10 100 84 4 42 29 17 77 84 61 65 86 28 19 88 71 3 57 44 40 5 21 84 35 94 25 52 97 49 66 77 56 15 70 58 100 42 51 86 81 90 57 84 55 88 47 57 71 3 10 83 29 86 15 17 16 73 38 23 53 24 32 54 63 25 96 57 24 27 78 53 47 19 46 63 19 82 55 20 51 88 94 50 70 41 28 73 83 52 75 87 49 69 35 12 29 86 47 71 33 61 49 61 87 16 52 86 77 100 92 54 22 93 69 92 51 98 70 10 11 75 60 84 31 19 
37 33 7 17 72 51 87 47 24 28 79 22 91 71 94 27 71 61 40 58 6 65 38 100 26 93 38 53 32 74 83 9 63 39 24 83 38 64 38 15 86 43 93 73 76 21 57 89 57 56 9 21 16 92 79 47 31 38 53 92 63 21 90 77 9 96 44 93 52 8 95 66 44 85 95 4 39 59 12 82 50 75 46 41 62 7 69 42 69 36 74 58 32 8 70 44 65 25 47 8 56 86 54 60 41 53 83 31 8 54 93 63 94 37 37 99 83 4 10 10 74 33 66 14 17 23 88 92 
17 88 36 94 78 67 25 20 22 41 78 46 44 53 72 32 37 10 29 2 54 21 85 91 58 77 30 80 4 67 52 60 98 68 50 81 64 63 76 75 50 64 71 41 41 26 50 82 40 52 52 75 33 43 97 80 91 54 69 90 20 27 97 21 90 88 48 28 15 55 57 17 38 7 21 75 84 64 84 83 25 78 48 74 73 7 16 10 50 26 46 70 34 54 72 98 52 11 78 64 85 60 99 44 67 96 19 6 91 54 8 43 65 48 78 40 53 2 81 33 52 58 88 53 3 25 80 86 
2 32 95 0 79 56 49 14 54 34 23 35 31 25 18 61 25 98 9 54 35 17 64 30 39 92 30 46 45 41 40 76 98 70 26 81 93 16 41 100 74 30 7 66 22 60 83 20 38 61 54 26 63 48 57 49 89 30 31 9 85 19 21 48 17 52 59 100 63 97 40 2 16 28 17 19 11 63 80 74 33 70 83 72 6 63 77 39 5 94 11 5 90 0 63 4 75 92 81 17 85 72 75 48 19 88 24 11 44 58 58 58 100 62 39 81 58 95 62 28 1 73 87 4 38 26 23 49 
95 14 82 62 41 90 82 51 33 0 13 60 96 68 78 4 26 36 62 54 76 15 65 53 51 66 88 39 85 22 94 11 16 90 76 33 90 22 22 99 48 0 31 98 67 33 74 18 78 73 11 82 52 45 38 96 66 90 41 77 93 38 28 3 51 48 39 94 45 48 34 56 41 92 90 47 63 49 7 18 62 89 70 32 60 34 49 37 73 53 0 78 21 77 51 9 49 95 47 48 3 78 39 11 31 84 40 27 85 31 6 80 29 99 57 59 8 10 68 4 16 83 63 16 66 30 62 3 
98 9 35 46 63 86 47 40 43 12 2 79 17 95 24 95 93 16 69 57 71 81 99 91 78 79 17 62 12 12 14 61 38 16 35 55 16 44 56 71 55 0 76 47 98 30 79 62 98 89 69 37 55 62 100 66 86 39 5 86 98 64 75 54 3 82 19 83 12 70 16 21 63 70 62 32 10 12 27 1 72 29 50 96 25 96 93 68 56 28 18 91 65 73 5 29 7 63 21 91 38 96 11 47 45 17 56 60 26 65 62 23 65 23 29 56 56 50 31 79 63 79 90 88 89 12 41 69 
54 16 66 57 35 37 81 42 61 23 27 9 43 15 5 41 74 31 25 17 47 68 58 42 92 89 57 0 72 72 0 24 71 92 79 78 35 95 60 53 30 89 43 99 28 21 0 36 55 70 83 66 15 20 25 27 56 80 27 80 44 84 43 8 90 25 96 66 28 61 35 73 24 85 68 49 63 2 11 80 4 89 42 93 9 49 90 75 87 22 23 75 61 38 49 58 25 71 2 28 67 88 70 25 31 37 2 29 39 25 41 4 68 43 25 41 52 34 6 87 53 98 6 54 58 99 45 30 
62 59 52 10 77 30 14 38 62 67 74 22 32 69 65 19 6 82 44 15 23 81 71 14 90 91 69 50 1 0 81 57 72 40 0 86 54 97 35 100 33 22 19 19 65 79 48 23 17 31 60 26 5 91 92 59 23 15 35 55 19 99 31 37 97 10 88 63 97 67 20 3 9 99 13 29 99 21 57 24 32 59 75 1 72 37 46 57 61 3 58 99 63 56 41 18 98 73 87 61 55 2 67 79 17 47 85 84 23 65 51 93 74 6 14 94 33 40 73 70 14 85 71 96 44 39 100 86 
61 7 87 7 33 95 6 74 65 90 24 55 59 71 0 42 92 39 24 19 20 49 22 27 39 86 41 100 13 96 57 8 54 21 7 42 79 32 36 100 14 84 35 3 48 64 99 20 8 50 99 60 94 77 33 17 68 42 64 86 11 53 82 95 68 33 100 53 80 46 89 80 99 100 28 53 7 38 53 12 50 22 36 27 35 73 80 83 1 67 13 85 25 66 72 27 85 0 9 63 4 0 66 7 6 19 32 87 76 43 0 75 68 34 94 65 30 82 96 89 45 26 78 87 94 63 56 71 
45 24 42 78 0 57 71 85 54 75 13 35 69 45 61 26 97 88 89 72 25 28 61 16 24 15 42 98 28 86 88 29 11 85 77 29 17 43 29 98 81 76 11 89 64 47 92 15 98 48 36 53 17 56 11 28 85 19 73 63 24 19 59 98 63 89 88 86 86 49 36 75 2 61 66 8 10 5 66 99 21 98 63 42 32 39 60 50 1 69 56 7 55 93 99 43 22 80 7 88 17 39 31 78 43 76 40 50 91 87 41 18 5 35 95 52 55 3 92 16 49 89 11 50 27 94 8 52 
23 89 32 69 80 83 54 13 69 46 99 2 48 14 30 48 99 25 74 86 92 4 93 96 100 56 99 81 76 36 86 100 20 80 69 35 56 16 96 21 90 2 94 70 24 11 92 79 44 22 92 73 73 39 80 9 25 2 82 9 13 41 24 14 80 15 11 45 12 74 91 98 7 93 96 88 15 54 41 58 25 39 88 80 23 49 54 51 71 64 13 2 57 6 6 67 30 78 69 22 86 87 66 83 47 50 39 6 94 29 43 23 11 18 88 49 82 98 60 95 9 66 60 26 50 93 72 62 
65 86 85 91 3 56 96 100 75 15 93 49 1 37 10 10 42 2 20 68 44 7 38 56 30 66 82 85 80 89 57 98 4 26 90 92 61 37 31 0 3 32 40 48 48 37 16 2 41 30 30 54 89 7 44 27 96 68 48 51 93 42 57 63 26 20 26 20 16 42 27 30 17 85 80 27 22 82 99 67 16 97 36 22 70 55 23 84 69 80 95 40 55 64 90 46 24 18 78 82 3 94 27 84 77 59 79 90 18 90 18 95 54 42 18 30 66 68 71 34 78 85 86 19 85 29 78 100 
21 10 39 18 90 63 72 19 48 16 33 62 24 96 74 14 2 29 5 30 29 78 39 57 48 78 79 16 93 25 79 94 70 24 96 64 81 63 3 19 36 33 24 26 42 85 73 58 39 86 51 44 61 22 68 49 12 40 60 3 15 23 55 0 9 14 40 26 14 85 100 50 73 32 93 27 24 10 51 11 19 58 89 76 95 86 9 27 80 96 48 33 11 61 7 78 31 29 41 40 25 88 96 86 13 86 90 71 31 27 97 16 43 58 75 72 42 72 23 46 61 78 1 30 78 9 80 41 
85 7 97 65 37 96 34 76 93 40 72 62 77 94 25 39 8 81 21 1 32 44 32 9 16 7 28 77 92 11 45 88 67 84 30 60 4 39 71 89 82 33 98 96 100 88 98 19 67 80 67 3 53 78 11 52 58 0 96 14 71 49 5 9 22 58 88 39 43 33 25 20 46 27 20 66 10 29 60 30 6 20 72 14 87 76 32 5 58 3 56 89 93 56 38 51 5 44 97 74 85 2 18 35 83 80 9 77 3 92 39 80 10 78 22 71 15 10 32 31 35 38 45 51 44 1 18 23 
13 86 94 18 47 100 0 99 19 91 95 49 93 42 72 3 6 28 49 96 31 90 30 84 82 88 14 15 17 64 28 60 84 76 74 84 43 37 1 54 90 68 5 80 7 55 95 12 66 21 26 21 31 97 2 98 94 8 91 4 77 75 4 92 90 21 16 26 76 68 92 37 94 65 21 31 26 0 15 73 11 68 91 77 41 28 71 14 88 7 61 45 96 85 90 75 2 80 16 6 58 3 8 86 75 56 37 22 63 23 7 67 33 83 38 93 28 92 81 94 71 41 46 44 47 83 72 24 
93 57 70 49 30 96 19 35 38 73 6 2 61 71 68 63 1 78 26 44 95 75 2 28 33 73 87 7 62 46 62 93 47 33 9 4 37 10 32 93 77 42 16 8 59 4 25 11 48 60 100 15 29 92 42 32 58 77 81 41 9 70 44 51 65 48 84 41 14 55 48 1 46 11 88 55 59 11 89 17 66 18 79 43 15 67 37 54 63 54 74 76 35 70 30 94 38 83 93 20 98 57 86 88 45 96 5 5 11 99 7 71 54 17 42 36 68 75 62 84 28 82 50 88 44 87 48 49 
99 20 5 18 12 46 55 80 15 26 65 40 43 75 3 57 78 9 7 84 27 69 22 47 28 13 46 16 64 9 45 5 71 77 60 68 39 30 44 1 94 56 47 53 23 7 71 58 18 5 19 31 23 73 65 66 83 92 85 14 67 45 96 98 25 93 36 22 53 10 64 83 61 16 51 80 88 9 14 56 33 89 100 65 91 20 75 22 49 20 54 72 45 90 78 16 64 41 13 63 34 54 46 2 86 78 74 0 17 15 90 37 80 40 6 21 10 39 39 28 100 18 98 36 56 37 92 36 
55 76 68 87 74 67 41 14 22 55 0 37 60 74 61 46 2 60 57 29 26 90 88 35 12 87 31 78 51 88 33 78 79 67 50 15 64 36 30 88 43 93 92 9 40 5 8 39 72 4 21 98 8 24 77 72 44 68 2 48 11 2 44 98 3 54 16 70 80 80 92 2 78 80 71 98 21 13 42 18 20 64 7 14 88 98 23 60 74 86 11 82 44 67 58 87 39 79 24 20 71 20 67 98 50 62 91 50 78 75 25 25 35 98 100 46 30 78 16 41 59 85 38 55 35 16 33 100 
66 77 35 90 75 9 47 0 75 56 96 45 61 66 73 18 75 82 83 10 77 0 65 45 42 72 97 45 70 7 27 95 4 13 80 68 59 91 39 44 81 70 88 79 29 12 14 22 76 65 51 18 55 89 17 25 62 25 4 69 14 91 22 65 76 32 84 25 82 63 85 96 96 56 46 34 78 45 86 34 28 17 54 21 27 78 92 91 57 95 43 4 5 38 81 93 99 20 74 3 63 48 76 44 65 98 14 89 55 18 66 59 51 94 73 58 52 75 72 15 66 72 95 69 37 22 12 89 
97 75 57 37 40 71 55 8 90 20 42 55 81 71 65 78 60 62 76 63 63 83 58 100 56 86 31 38 49 33 69 99 4 100 57 54 55 29 94 26 87 81 15 12 30 87 12 32 16 36 49 55 14 81 15 55 16 74 39 87 81 29 39 35 48 98 100 20 62 93 32 31 74 76 34 26 19 41 92 86 42 4 97 13 74 19 1 79 58 17 42 3 50 80 79 28 90 22 35 90 56 8 31 90 33 77 63 50 9 47 77 2 71 72 72 19 71 47 81 63 95 26 30 39 23 90 97 17 
59 80 97 56 37 5 25 76 27 88 80 31 42 10 29 38 59 26 59 32 25 14 30 14 38 69 35 37 40 0 84 31 87 95 25 7 44 8 21 48 72 29 70 25 83 45 49 88 15 29 39 9 65 96 33 63 91 6 3 22 99 27 10 9 24 51 5 21 64 41 93 5 37 90 55 32 92 67 40 51 82 52 34 74 46 42 42 92 45 3 1 83 54 32 78 31 80 41 17 60 5 29 91 35 80 50 5 16 91 81 21 38 58 12 16 15 22 0 71 40 84 77 2 19 77 93 82 91 
54 39 91 57 71 98 86 3 78 81 44 72 43 3 37 6 17 3 69 53 48 21 53 80 65 56 52 56 7 41 43 95 61 30 37 38 88 65 53 63 94 47 50 75 16 75 38 12 62 11 47 90 78 97 32 32 6 99 33 85 2 33 94 91 60 92 61 14 28 49 86 17 21 60 80 69 16 26 69 50 97 74 82 0 26 91 91 8 79 51 8 90 63 15 68 78 35 10 84 16 41 57 32 93 51 79 79 70 32 8 23 95 99 35 47 54 62 31 32 28 27 25 65 22 61 83 62 26 
88 78 98 89 35 28 82 10 14 62 8 23 17 73 60 28 96 4 17 71 16 15 60 88 0 32 77 85 47 62 57 15 71 70 34 22 89 5 40 63 93 74 24 54 27 37 63 43 85 0 78 70 56 25 16 36 19 26 21 17 57 75 58 14 18 71 75 99 92 89 1 57 0 36 41 21 15 100 93 68 55 35 32 100 27 41 22 54 16 8 24 71 28 24 37 45 25 42 59 1 41 17 78 79 98 35 30 30 48 41 47 42 18 13 95 84 6 7 27 26 43 15 9 14 51 57 1 70 
19 6 58 95 73 24 47 88 52 85 92 35 93 68 18 29 64 32 26 87 96 89 79 64 29 9 87 85 86 28 50 78 58 23 20 15 50 41 82 47 84 75 96 23 33 60 25 66 16 17 86 99 91 48 13 62 19 58 4 54 52 3 76 69 51 62 34 13 23 20 22 55 18 12 79 99 52 50 55 38 25 39 98 0 41 37 6 55 98 93 43 50 1 18 95 59 62 66 93 51 48 83 45 51 50 44 77 55 9 70 7 53 97 77 15 32 39 74 2 33 54 85 29 9 65 63 55 25 
72 87 74 80 2 91 63 29 62 64 35 64 64 87 35 82 20 6 43 94 69 41 23 1 5 64 96 8 85 10 8 73 7 1 54 20 8 73 79 85 65 14 58 76 91 96 56 38 97 100 68 84 76 80 26 50 8 49 64 4 96 63 29 26 98 11 42 49 78 20 41 54 96 84 7 18 18 60 75 14 66 29 35 74 62 98 29 39 23 79 38 2 71 64 37 61 86 39 50 66 98 22 89 49 26 89 28 49 23 60 75 11 99 89 41 15 56 95 53 9 1 68 10 32 87 13 97 57 
65 80 67 71 50 93 85 18 52 77 15 37 72 53 72 71 51 36 56 39 19 11 5 34 78 44 32 22 48 37 58 34 80 65 62 37 89 30 1 34 60 4 82 69 80 68 20 93 93 50 1 37 96 2 87 71 85 3 75 89 31 68 87 10 45 70 15 80 3 5 38 96 62 56 51 53 30 47 29 24 99 63 83 49 63 58 43 24 41 40 97 61 80 11 36 15 39 80 83 14 15 8 5 35 20 18 75 8 9 31 20 57 91 19 49 68 100 13 13 3 66 64 75 49 65 55 80 85 
85 54 72 18 89 68 79 54 53 46 7 1 48 73 30 95 26 97 49 53 96 30 82 15 42 79 47 33 55 95 41 43 90 41 43 92 9 68 76 67 7 94 35 42 4 21 0 73 36 14 31 68 58 63 13 12 52 47 17 89 47 22 23 36 47 88 100 8 85 33 52 94 26 9 97 81 34 32 13 4 43 77 83 7 81 40 60 69 62 83 22 81 98 95 60 70 83 5 4 36 64 63 76 50 58 75 23 26 18 92 74 10 11 79 99 88 3 56 99 57 10 78 91 89 96 68 14 5 
0 30 8 37 0 44 47 19 91 72 48 51 90 54 95 53 44 76 54 51 25 52 26 23 45 50 28 32 91 21 23 97 39 99 19 16 15 1 47 69 50 54 2 17 75 67 7 94 39 68 33 64 42 51 95 86 96 85 37 44 5 24 21 12 8 9 99 9 10 73 13 45 11 93 61 40 1 8 46 90 52 43 70 59 2 44 41 81 3 17 36 26 43 8 58 5 96 64 37 15 78 25 14 15 49 9 91 95 27 19 84 4 26 50 43 88 79 84 64 51 81 63 0 88 77 3 39 43 
98 47 84 23 75 44 86 13 24 72 44 40 62 29 66 63 72 78 88 46 88 9 1 94 100 70 75 36 17 3 7 77 100 51 11 34 55 34 66 17 40 63 85 35 26 25 23 86 53 89 70 80 38 3 24 87 50 57 16 37 99 4 9 55 51 91 50 43 35 50 34 72 56 9 50 84 90 26 18 36 79 3 60 100 70 27 54 77 4 98 100 61 21 58 80 59 74 37 88 72 10 37 43 76 42 8 55 28 64 19 86 80 93 96 95 47 46 46 75 13 62 60 87 86 55 63 92 82 
25 83 27 13 67 64 19 91 7 66 46 100 42 66 94 24 85 1 43 21 74 10 73 84 78 24 49 5 13 31 4 50 58 78 72 68 74 59 94 9 88 57 3 34 100 33 86 5 78 8 93 40 92 97 36 19 59 8 49 94 95 0 56 46 66 3 27 89 86 79 96 48 91 16 77 11 84 57 21 61 33 13 33 80 27 89 68 59 19 40 15 48 91 0 3 58 7 18 39 29 89 38 39 88 43 94 73 46 49 80 85 52 48 18 94 37 86 39 93 19 43 4 24 91 50 81 47 66 
43 74 21 66 42 53 99 24 42 77 5 77 31 42 17 81 5 38 14 39 76 7 75 71 25 58 88 6 10 79 25 17 33 36 86 31 43 7 0 66 39 28 53 99 15 57 55 45 100 55 27 85 50 43 99 67 20 49 9 80 4 23 14 42 96 97 75 29 75 51 93 73 9 30 33 32 67 85 83 64 36 3 63 4 14 33 2 5 9 77 97 90 47 30 16 100 19 49 5 97 50 78 64 90 97 66 51 7 94 30 19 71 93 51 33 95 12 65 82 20 81 27 51 31 55 92 37 13 
91 47 39 20 20 66 92 88 74 93 47 68 67 0 34 31 25 28 44 4 25 8 62 2 58 17 83 88 68 24 30 94 65 31 2 65 43 37 12 73 18 0 54 16 3 45 33 70 67 13 62 78 93 46 81 17 17 36 17 76 53 23 41 44 31 53 95 33 3 79 37 89 93 96 94 2 89 31 26 42 85 21 98 77 67 3 15 69 18 27 26 80 0 35 28 98 68 11 55 72 23 73 7 40 40 85 58 66 25 55 19 42 65 94 90 22 72 50 15 23 89 72 18 35 28 52 42 100 
