128 128
64 80 20 75 56 43 99 63 44 42 44 8 22 99 12 75 14 23 13 64 43 64 7 30 40 97 93 9 4 21 94 6 41 19 2 50 69 5 83 47 2 88 82 82 60 41 50 55 38 29 58 33 7 31 49 14 61 77 87 19 54 72 84 46 98 63 57 50 48 46 82 87 42 51 86 85 33 45 20 68 22 99 11 40 96 3 45 16 93 25 12 76 9 83 73 84 69 97 20 52 100 72 35 71 86 86 8 25 57 87 84 77 9 29 9 77 46 41 46 9 70 68 85 11 67 84 10 50 
34 90 3 63 54 73 68 90 77 46 22 86 4 10 17 54 52 90 30 41 51 75 76 40 50 87 0 24 29 74 82 4 80 59 11 15 87 43 99 41 57 99 71 51 60 63 72 91 71 60 63 18 96 18 60 10 69 22 55 70 74 94 20 16 32 50 80 52 78 67 32 58 46 63 69 15 79 94 49 46 20 72 48 6 49 16 79 36 47 66 40 54 40 15 17 15 44 62 33 37 45 66 56 5 25 94 64 45 57 58 29 85 47 41 3 17 8 82 41 98 5 82 88 1 22 5 94 56 
38 57 31 92 93 40 80 51 58 18 7 48 62 55 28 5 55 96 42 98 91 72 84 35 57 73 35 86 11 53 25 77 28 98 28 7 72 71 77 29 43 1 14 87 30 52 37 88 82 86 91 51 68 71 47 30 76 2 85 1 17 88 6 98 92 77 68 51 23 66 44 81 20 45 87 59 47 30 96 76 24 74 29 32 61 97 43 14 40 14 30 26 30 11 45 85 24 4 14 15 45 96 28 77 35 91 40 79 21 26 66 77 22 84 57 44 29 52 9 82 27 79 15 56 54 82 20 86 
45 18 84 81 98 75 49 13 7 54 95 90 72 74 12 18 81 28 84 28 49 39 95 18 59 46 57 76 75 98 55 68 29 81 43 76 57 39 67 85 12 75 14 83 17 28 6 65 26 13 76 51 17 53 84 96 79 1 55 100 84 28 19 45 47 100 90 80 54 57 34 43 63 5 37 54 75 56 61 52 91 44 61 20 69 5 41 37 7 71 14 31 100 29 51 59 41 43 11 63 22 9 20 48 95 79 41 62 21 57 52 87 4 7 38 52 97 91 58 70 40 48 61 53 3 54 26 5 
13 41 80 42 62 25 77 18 92 37 10 69 27 8 7 67 2 78 28 42 88 94 86 73 71 46 33 88 40 44 41 98 52 52 84 82 28 17 87 2 83 22 92 82 67 52 21 70 3 86 39 85 35 19 11 0 37 34 59 66 40 21 64 77 59 88 15 2 81 46 50 15 78 26 70 55 50 25 26 50 1 47 83 84 94 74 10 15 29 41 64 66 80 15 91 50 35 37 38 68 78 82 87 76 44 11 96 66 32 87 13 23 82 5 77 99 24 92 20 35 49 51 0 14 40 98 94 83 
72 15 91 86 80 66 100 79 83 31 51 89 60 1 38 96 13 49 61 26 45 98 79 83 56 69 22 35 67 54 29 18 84 13 89 37 50 74 14 46 39 16 88 67 84 69 82 28 8 94 72 23 37 65 42 50 45 31 38 92 100 60 99 11 6 100 7 75 97 44 62 86 64 95 86 54 31 4 65 67 19 37 84 33 23 61 69 45 90 27 89 51 55 64 78 13 58 97 2 66 37 57 26 48 72 25 45 86 58 49 30 84 75 11 67 31 70 15 51 64 10 49 43 5 83 67 15 5 
95 68 27 43 76 55 28 11 51 61 66 5 22 21 70 95 17 3 78 26 33 36 97 36 58 66 60 17 59 10 93 77 0 71 90 33 51 6 1 94 50 36 68 57 11 8 81 18 2 16 44 75 100 29 76 23 52 24 99 4 69 52 78 1 29 1 47 13 80 40 28 67 28 94 62 30 45 84 14 86 34 77 52 3 94 59 69 77 4 41 81 83 14 34 47 36 18 6 10 72 100 97 44 62 71 4 28 18 92 30 65 99 13 94 53 6 3 54 4 84 78 88 60 64 55 50 43 45 
46 1 2 75 96 58 87 85 84 10 36 68 53 49 57 51 80 92 44 10 43 47 94 26 76 87 34 5 96 81 1 38 34 20 34 87 34 17 69 65 53 54 2 75 73 38 40 21 9 0 45 0 80 91 22 40 13 94 13 25 23 100 22 83 72 27 59 51 40 54 63 83 41 52 25 29 46 21 93 35 29 19 46 39 84 67 61 89 45 55 71 76 3 99 26 0 44 12 3 48 82 56 62 52 5 72 4 12 48 15 62 96 30 65 29 98 22 20 42 97 39 41 54 7 62 70 82 29 
47 19 55 96 87 99 68 15 65 87 52 19 67 6 9 8 84 13 8 2 35 17 99 47 5 81 86 1 87 82 64 94 43 96 73 30 14 14 3 90 11 38 74 88 60 31 64 18 95 13 40 7 62 72 31 25 49 74 0 30 92 56 68 10 9 77 41 94 91 73 15 61 68 84 35 62 53 7 45 17 48 54 84 97 4 82 84 56 44 65 7 99 100 95 2 46 59 78 81 91 21 8 83 5 65 95 11 97 43 71 32 31 3 54 0 1 69 93 90 77 85 72 11 0 19 32 54 53 
32 48 14 10 57 31 73 67 9 34 45 3 97 2 54 99 100 84 7 79 50 63 51 14 16 19 47 39 30 90 9 46 51 53 22 97 3 46 40 32 90 96 99 26 20 34 61 2 12 95 84 78 87 15 27 38 83 15 22 69 33 18 5 83 32 35 96 35 74 22 79 58 73 63 10 80 58 7 44 49 38 68 13 51 15 60 37 68 27 81 84 96 39 100 25 92 72 9 47 67 17 76 64 23 89 9 37 79 4 0 50 90 3 94 99 47 40 42 36 94 65 85 17 2 13 74 37 56 
96 67 47 29 56 97 2 53 3 56 98 60 69 86 60 72 45 76 7 91 49 80 40 59 20 72 38 56 40 65 71 89 47 22 53 94 55 0 33 27 92 11 16 47 5 67 85 48 94 92 52 2 1 96 1 68 97 77 95 5 88 33 64 71 35 66 55 90 37 5 11 96 96 76 20 59 78 15 42 5 58 32 32 76 94 73 3 42 81 86 95 57 76 74 1 6 31 26 40 52 67 49 24 91 22 76 92 57 61 9 52 52 95 75 70 92 2 70 10 9 35 95 32 97 16 24 66 63 
46 100 62 42 62 32 75 94 34 50 90 70 73 67 52 62 27 31 83 23 16 44 64 1 59 17 49 99 31 87 37 94 58 52 47 23 98 46 96 41 21 81 31 81 58 58 51 43 39 94 62 66 31 95 18 71 33 96 60 11 62 53 2 3 44 22 55 11 1 73 1 64 95 4 98 5 55 97 7 68 49 59 22 73 95 62 76 21 17 58 15 28 76 52 22 88 88 3 10 95 41 67 73 95 17 94 56 51 57 70 35 61 80 46 58 35 0 33 91 60 7 82 71 94 88 25 80 76 
4 39 73 96 86 78 13 72 89 77 80 20 51 10 3 85 62 19 95 77 60 80 41 58 90 53 20 77 52 21 66 54 36 28 20 15 2 97 35 42 5 83 66 72 83 95 69 69 71 8 51 62 97 6 10 86 3 90 29 72 17 40 40 67 56 3 10 73 41 57 78 53 61 46 54 91 38 60 57 63 51 12 77 71 58 71 17 47 98 75 20 70 4 9 6 7 76 91 20 1 5 6 59 12 7 71 36 56 64 3 92 54 96 0 8 39 10 14 0 39 96 80 40 54 34 37 35 67 
89 56 36 98 29 44 62 83 84 43 58 25 56 72 56 50 83 42 61 2 50 67 85 99 41 86 20 49 17 100 88 12 85 88 85 88 46 99 51 57 3 49 56 19 89 68 40 90 39 61 11 59 60 20 86 62 56 71 33 71 0 89 28 56 46 65 26 22 90 56 91 13 92 65 79 51 55 55 47 80 97 51 78 55 74 84 66 19 2 60 99 43 10 0 57 32 33 66 89 27 17 34 74 0 26 34 93 7 25 8 16 7 57 6 30 80 67 74 79 4 5 3 14 77 48 39 62 38 
8 77 7 96 2 45 74 86 18 58 1 95 68 64 62 5 91 5 51 74 13 72 11 91 84 91 9 76 0 23 60 20 31 41 6 25 31 50 7 92 77 66 35 17 54 13 71 18 47 69 44 42 20 87 44 80 12 77 7 33 55 69 45 35 42 8 28 80 27 44 26 44 52 21 54 62 81 57 39 52 52 91 90 28 10 68 32 73 64 51 15 18 53 82 47 24 43 53 72 66 95 81 98 24 70 52 3 50 83 47 37 15 26 91 56 37 17 47 52 58 45 22 33 27 2 63 70 15 
70 29 86 13 31 27 65 71 70 41 75 93 47 47 94 14 34 11 24 81 80 77 43 73 34 31 33 36 15 5 75 12 69 9 97 39 82 62 22 58 49 73 93 36 55 21 33 13 0 49 32 8 59 58 10 86 73 4 95 70 90 73 77 1 77 0 49 29 44 82 9 81 57 12 14 11 90 8 12 16 97 97 18 61 85 99 17 88 24 17 87 62 26 44 43 34 84 61 100 34 32 47 51 81 32 66 4 75 40 29 79 61 68 32 43 57 66 49 42 76 41 38 44 96 46 95 32 42 
25 29 66 16 68 55 100 59 87 73 5 84 91 44 38 63 45 96 33 83 10 13 8 72 95 26 60 29 67 58 22 82 73 93 85 87 55 48 35 74 17 80 29 64 9 30 19 42 33 97 86 78 73 15 22 92 97 62 16 0 94 31 30 31 94 12 29 79 90 95 12 53 96 45 0 65 14 40 2 71 34 58 0 99 68 11 17 88 78 98 37 84 8 20 50 75 75 91 26 16 94 15 24 14 16 61 36 97 5 9 89 54 18 81 63 5 93 71 6 14 45 70 87 74 25 51 27 35 
59 30 28 19 87 30 91 30 2 44 47 64 54 59 24 87 79 91 62 35 24 91 73 50 83 49 96 4 92 64 25 60 56 14 21 44 0 23 91 19 99 46 27 28 75 29 91 78 6 65 55 33 39 63 14 90 5 98 91 54 88 86 11 72 44 36 11 57 39 54 17 73 79 73 70 53 48 0 74 12 91 12 16 40 73 35 36 86 86 83 5 22 26 4 89 52 49 9 45 56 98 85 58 40 29 27 39 24 97 64 70 75 7 46 26 9 50 54 55 8 79 6 71 78 3 87 20 25 
88 41 8 94 92 63 69 56 52 97 46 93 8 14 69 12 92 61 92 64 28 43 57 81 23 0 36 95 35 60 82 7 86 60 22 32 28 20 3 49 50 29 40 13 49 68 48 78 34 44 94 98 84 88 67 5 47 24 29 100 1 37 47 85 73 12 40 19 65 96 10 100 53 92 98 29 66 86 23 69 6 40 33 91 33 30 67 53 0 43 80 85 89 4 6 7 4 52 29 67 72 89 27 43 99 96 19 13 63 71 16 41 85 38 69 37 24 7 36 79 36 43 41 29 27 99 2 15 
74 8 74 63 17 53 72 10 27 23 50 25 54 45 27 10 3 12 60 11 88 90 87 29 43 4 10 2 7 54 12 24 90 58 83 28 99 96 60 65 43 74 39 99 83 30 10 47 17 87 40 47 10 32 72 34 84 4 78 32 32 42 89 96 97 83 99 46 68 34 77 58 71 98 5 10 50 69 28 95 29 0 33 81 89 42 45 5 17 54 81 54 82 7 13 86 23 43 87 8 60 3 47 62 63 8 41 54 77 100 87 34 49 90 41 88 88 91 38 95 51 69 75 13 23 80 32 69 
12 59 83 31 6 66 72 98 28 70 10 68 44 26 87 15 86 2 70 85 0 51 45 75 35 45 70 0 71 42 64 20 40 27 96 89 18 2 29 96 21 38 21 4 95 70 11 84 38 52 27 91 52 36 57 94 9 7 63 69 6 52 48 98 40 21 20 91 85 35 16 89 72 74 58 72 81 62 89 40 71 76 6 69 87 59 80 50 5 9 72 22 0 35 86 35 96 33 46 65 48 23 75 33 29 89 10 86 2 60 74 8 39 42 6 62 54 96 35 82 24 59 39 89 99 13 17 6 
53 62 92 67 72 65 89 4 54 69 99 40 91 61 36 30 19 18 18 39 100 30 95 14 77 29 61 31 49 27 94 83 43 11 20 64 42 0 69 51 7 40 51 48 85 79 20 24 25 12 8 52 0 80 70 46 80 77 32 43 30 72 86 46 5 67 61 85 65 84 51 40 92 91 39 95 48 4 5 53 68 96 45 86 37 21 0 29 50 52 80 98 56 29 3 42 72 97 43 61 23 6 76 57 17 23 56 74 40 72 28 54 87 48 44 58 18 89 89 68 35 95 44 80 8 52 29 30 
74 58 11 39 40 72 89 25 18 22 52 40 52 84 9 43 91 77 10 54 0 54 83 10 68 3 43 44 33 59 99 83 88 97 88 3 38 71 70 38 62 17 0 35 40 54 72 57 44 81 75 10 75 50 86 66 48 13 15 36 86 42 15 61 36 29 35 9 6 11 99 14 56 30 10 98 34 76 17 18 42 16 51 1 44 32 99 97 56 100 81 66 48 24 28 53 59 40 58 11 56 28 4 4 66 96 14 12 95 31 16 5 81 38 7 41 86 70 72 46 79 80 97 44 87 25 71 98 
38 44 43 92 47 77 65 1 38 46 19 73 57 84 96 11 88 56 79 89 10 57 6 52 25 53 85 25 14 23 89 21 26 28 30 11 0 95 50 91 71 86 71 86 31 35 11 35 24 30 46 90 98 88 90 29 52 25 72 97 74 45 84 91 68 17 1 61 4 46 84 1 53 33 44 58 31 40 91 98 98 68 34 4 83 34 58 26 93 67 19 58 76 15 11 6 37 70 62 82 91 69 96 0 14 30 1 18 13 10 8 100 57 40 22 40 57 97 69 69 100 37 31 26 57 50 80 24 
55 23 51 24 57 48 87 37 22 77 74 69 50 69 85 3 77 16 95 33 74 45 95 70 84 96 2 17 60 75 80 88 50 24 17 95 38 7 16 14 30 77 4 8 95 27 83 17 41 58 66 70 27 44 69 58 20 87 43 63 37 9 55 96 58 23 8 5 63 20 10 34 57 36 93 63 76 51 45 2 55 82 81 71 4 48 22 78 56 29 10 94 75 49 88 35 86 32 92 42 54 66 6 31 6 25 96 79 17 37 83 94 52 82 51 90 14 41 99 24 60 72 51 28 69 67 16 60 
51 62 1 9 14 37 55 9 64 41 54 0 37 74 76 40 62 74 78 30 42 1 25 17 3 17 35 46 32 58 94 92 90 17 66 65 73 63 42 38 83 40 13 37 97 51 50 75 69 10 27 34 38 62 71 40 9 96 29 50 1 71 18 78 24 61 3 10 22 12 5 2 48 12 29 55 63 16 87 32 78 10 78 85 67 24 4 33 98 61 74 64 7 79 56 29 85 55 79 16 91 64 83 72 97 23 9 31 88 82 95 33 94 53 62 60 51 38 2 100 86 8 26 78 41 83 85 52 
2 24 63 96 71 3 80 19 16 97 65 22 72 65 44 94 6 79 23 90 36 91 39 19 11 74 88 59 8 77 77 48 85 17 82 48 36 26 25 41 86 49 43 68 14 47 40 52 23 59 50 37 94 49 32 13 60 60 23 9 24 84 41 65 19 26 28 44 67 32 46 45 96 18 59 14 53 39 19 82 6 19 61 37 96 35 57 71 15 72 54 79 48 66 66 24 96 31 91 46 13 1 3 45 1 51 72 37 22 72 30 76 1 52 65 81 48 69 62 63 15 42 71 82 24 39 63 8 
36 66 44 84 27 92 45 83 62 0 64 47 80 18 76 57 49 18 80 87 29 28 4 73 83 19 13 99 50 48 21 17 2 98 95 76 8 29 28 40 62 16 1 22 28 14 26 57 59 70 38 71 33 30 23 58 33 52 34 68 76 2 61 26 5 20 69 61 87 56 38 50 26 82 53 46 24 71 59 12 61 57 42 65 65 17 99 84 67 73 69 44 72 38 99 59 84 40 35 5 39 24 26 52 82 5 96 63 49 0 11 70 78 98 19 19 37 75 60 8 72 96 94 40 52 74 0 94 
30 84 29 51 74 81 76 36 84 62 59 7 46 22 97 81 28 29 1 7 68 44 24 24 94 86 3 55 51 5 62 97 72 33 73 4 5 56 54 94 70 74 14 48 67 37 77 16 15 92 99 57 19 31 30 77 34 0 32 41 1 27 49 50 6 63 86 100 5 7 10 87 81 23 47 7 86 67 38 19 45 64 82 50 33 4 100 33 63 77 93 90 12 95 75 62 40 2 81 63 94 32 73 36 95 23 33 16 40 20 59 71 13 6 93 8 47 16 82 87 66 10 5 36 30 68 16 100 
23 45 53 37 61 64 80 55 25 70 37 65 63 25 66 78 55 79 26 68 72 94 44 50 31 23 98 64 77 60 60 32 8 46 53 96 88 68 8 3 38 50 40 80 50 68 54 70 18 47 37 40 69 76 19 94 96 27 57 67 15 19 3 87 88 37 16 37 31 9 8 37 96 61 10 21 80 84 33 9 17 4 3 68 77 97 50 32 23 89 84 38 92 30 24 2 53 74 89 21 19 2 60 36 83 65 65 58 16 47 87 84 75 26 67 26 53 13 44 65 58 65 14 13 29 92 48 51 
37 64 98 70 58 9 86 24 44 100 5 86 96 28 59 88 92 39 99 95 25 8 0 99 100 44 58 22 62 14 55 75 100 96 36 15 29 50 11 95 98 2 58 32 51 74 35 28 6 34 93 35 5 13 14 89 96 72 4 59 17 3 50 4 89 0 18 94 89 28 14 47 14 40 59 3 74 72 7 24 31 38 56 81 34 99 67 94 15 29 61 46 79 93 66 62 7 84 64 69 41 59 57 0 31 86 47 29 76 8 36 30 86 59 23 43 56 74 83 82 35 23 45 4 68 11 77 22 
48 4 81 96 22 31 82 60 23 66 99 59 0 47 87 33 15 3 69 5 53 62 52 80 36 6 8 97 50 41 73 7 100 51 74 53 59 15 86 23 90 33 30 41 1 9 15 42 87 90 84 12 67 27 78 61 74 41 71 54 21 48 30 96 73 66 59 47 67 92 32 7 33 3 52 66 63 7 13 61 95 98 49 60 86 16 98 85 28 46 79 62 81 20 36 74 12 96 18 57 81 2 98 24 39 98 9 57 69 36 25 8 15 30 9 4 45 60 46 76 40 77 100 69 100 98 37 68 
89 20 47 86 22 73 23 41 100 45 39 73 45 55 86 47 48 24 15 32 81 51 76 3 82 68 30 6 41 78 36 18 28 30 51 74 63 35 2 19 52 74 80 9 39 57 95 87 90 5 59 47 12 96 58 41 43 44 16 71 92 22 78 43 18 60 29 11 62 6 19 74 41 12 94 13 92 75 60 9 15 76 2 39 63 97 47 1 53 18 36 32 16 71 37 28 84 22 16 65 13 52 90 8 26 11 56 37 35 24 48 41 50 27 85 8 19 74 90 74 5 38 67 65 42 33 54 61 
5 26 30 86 93 77 18 67 40 78 57 59 73 64 79 100 97 10 38 8 8 99 38 75 10 21 99 100 69 2 19 33 84 55 48 92 41 76 47 63 57 91 39 39 43 96 14 23 98 32 4 65 63 44 22 18 36 75 35 59 37 18 54 50 34 29 42 88 10 24 53 23 39 100 37 88 36 89 5 32 78 60 29 41 49 14 12 9 67 100 77 40 88 99 15 68 96 48 96 91 79 46 95 23 71 21 40 22 69 1 67 91 41 76 30 42 91 41 42 74 30 67 98 4 72 9 50 62 
21 8 66 75 61 4 68 36 86 97 20 76 27 71 10 83 8 97 27 69 4 23 18 68 93 96 43 72 29 38 45 46 63 26 1 49 68 72 47 33 46 2 75 31 63 35 15 47 80 73 41 78 12 65 22 52 82 7 19 8 87 56 0 49 33 26 93 46 77 79 18 51 94 35 95 15 53 39 99 24 76 18 73 22 49 65 73 49 23 47 0 94 87 85 34 61 87 34 62 30 29 63 19 60 44 90 66 70 87 59 94 25 25 2 37 72 69 84 20 41 59 44 54 66 10 0 53 5 
99 36 52 48 19 14 50 20 93 58 93 93 77 41 36 33 5 0 25 33 61 60 65 0 82 20 87 35 54 73 65 24 72 11 97 81 13 73 93 86 59 28 31 82 40 61 86 15 17 71 25 7 100 35 2 50 72 74 80 60 19 3 16 15 59 37 10 5 16 11 46 21 58 94 40 87 15 5 73 43 20 63 95 66 25 24 41 84 0 96 50 62 6 45 37 65 9 53 21 78 87 60 59 99 53 76 34 94 68 25 88 66 98 74 72 32 0 45 57 69 20 8 19 46 19 64 90 43 
80 1 19 75 77 82 67 40 93 10 8 16 96 64 32 61 87 80 31 59 85 31 86 47 42 37 81 40 40 50 54 17 66 0 33 82 39 69 85 20 82 13 74 91 72 25 58 30 7 70 70 85 81 42 59 35 53 82 40 21 44 75 45 74 25 47 71 91 41 73 48 66 76 14 14 29 51 61 99 99 56 20 78 90 27 59 31 44 54 43 69 4 71 68 12 60 91 23 38 72 43 64 63 86 97 50 12 21 58 16 75 15 17 49 42 60 10 37 75 70 78 73 20 24 79 1 81 24 
70 82 14 98 95 93 42 8 82 2 12 92 23 68 56 92 31 82 30 53 50 55 90 57 60 7 95 99 52 8 13 35 72 69 40 63 32 93 19 36 67 26 87 63 76 79 82 41 52 12 64 83 10 41 89 11 67 4 37 4 63 46 97 35 63 69 28 2 62 82 89 52 5 67 33 20 59 2 84 38 45 0 93 0 55 4 32 8 22 22 37 44 37 0 66 76 44 29 87 59 14 4 59 64 83 34 34 41 25 49 63 13 48 6 18 75 15 40 18 98 89 25 69 12 74 85 96 49 
43 98 10 57 73 71 0 89 39 70 72 1 0 55 91 65 19 14 97 75 90 70 67 38 62 75 95 86 7 82 87 9 33 94 26 62 69 87 87 69 48 49 94 46 86 65 93 87 60 40 19 93 12 24 89 6 69 18 29 64 74 58 65 83 72 19 81 44 62 52 78 32 54 13 7 18 52 54 92 73 45 9 77 52 53 30 88 13 4 57 21 13 75 7 74 25 64 50 14 49 44 17 98 5 60 39 54 69 94 22 84 82 36 14 91 1 17 92 27 57 87 2 31 50 30 31 73 11 
66 66 37 73 95 57 61 72 68 98 69 75 70 21 60 10 19 57 56 86 92 43 55 40 33 58 24 70 40 21 1 94 31 11 89 23 61 60 32 54 71 28 26 22 75 94 44 21 59 84 9 25 45 35 49 21 2 89 49 8 84 15 97 4 95 33 6 84 18 52 58 39 96 77 90 16 59 91 38 67 73 94 76 35 50 6 49 9 60 39 5 85 60 44 43 76 31 23 91 76 93 7 25 2 86 4 26 46 12 24 25 22 58 54 2 50 40 46 35 59 22 17 62 13 0 51 67 51 
45 62 29 3 62 12 74 97 26 38 36 41 47 23 53 76 67 17 8 33 20 71 25 93 9 82 42 55 48 88 27 20 87 99 10 80 70 56 5 15 96 86 51 96 17 48 60 11 61 67 40 81 17 23 32 50 98 76 9 73 40 75 54 40 42 14 95 63 67 18 95 61 71 60 13 48 73 44 34 68 48 70 61 33 45 92 86 27 59 52 90 85 43 36 95 94 31 35 9 96 94 22 21 55 54 66 15 39 95 77 50 64 93 52 67 17 90 71 66 61 92 65 88 36 7 4 81 29 
67 99 65 45 64 38 10 34 100 98 16 94 4 31 11 21 70 20 30 54 93 24 34 60 93 26 79 68 51 74 22 81 94 96 82 52 45 75 60 5 8 28 18 26 13 55 100 35 45 70 9 9 7 60 54 38 28 87 67 63 78 21 68 63 76 57 25 52 15 14 34 15 7 76 27 27 98 68 64 57 9 90 85 16 41 81 15 61 39 36 31 86 43 43 26 73 21 46 37 12 33 81 50 36 24 97 50 72 35 36 99 41 50 22 61 16 73 39 88 37 48 37 33 33 47 74 100 39 
45 34 49 42 25 55 53 11 0 56 67 26 64 57 8 57 81 14 78 47 72 92 95 43 88 14 4 24 49 55 2 56 53 91 38 99 99 67 10 35 27 69 72 49 64 60 83 77 24 100 43 76 25 51 5 34 29 66 76 18 98 11 49 96 3 41 67 91 12 2 91 69 12 68 67 44 46 2 55 45 24 80 64 89 70 18 48 1 3 65 3 2 44 61 69 68 39 66 74 53 0 70 32 87 97 93 21 76 23 100 18 34 18 44 38 0 60 24 78 37 95 6 14 2 23 54 12 96 
100 1 33 31 3 0 12 15 15 3 93 16 34 5 26 0 54 96 42 56 36 70 55 94 48 67 34 78 65 32 46 9 97 38 36 66 85 20 36 4 54 93 32 12 92 89 7 100 52 44 17 96 3 46 21 25 12 79 99 79 64 53 72 70 45 14 89 51 71 80 1 17 97 64 90 66 66 54 61 64 100 30 93 72 85 22 91 98 64 94 47 100 40 51 80 100 96 42 31 23 50 57 92 75 39 50 77 24 43 82 52 100 69 24 14 19 44 27 80 92 25 44 95 21 84 32 86 19 
0 33 72 33 68 5 24 45 0 2 20 96 62 74 64 9 10 42 64 36 72 63 50 83 99 62 71 29 43 91 97 52 68 54 40 35 76 47 30 42 42 57 4 71 5 29 23 87 51 33 11 71 57 53 6 82 53 8 38 30 92 26 80 50 91 46 62 73 97 25 23 4 84 54 19 66 83 90 21 79 64 0 11 95 86 78 71 68 51 27 4 100 37 39 4 56 36 38 43 77 6 53 2 72 80 84 7 48 17 92 66 20 100 51 10 12 47 38 37 28 32 89 53 30 20 6 69 51 
45 67 10 28 87 38 16 66 41 90 93 76 97 100 6 45 93 49 89 20 64 28 65 55 34 54 69 8 96 94 28 98 4 61 14 54 59 53 69 97 85 20 19 89 82 23 18 88 18 95 73 18 25 1 70 23 75 5 68 20 74 87 34 7 65 37 40 94 25 21 39 53 59 22 97 77 29 66 72 16 44 3 50 21 71 2 17 8 36 12 31 52 54 59 38 86 64 12 23 21 95 46 88 85 65 81 16 95 20 35 56 43 33 94 75 66 73 45 32 33 57 83 67 37 80 53 38 49 
11 63 32 37 83 69 84 64 18 68 55 56 69 62 77 1 62 58 16 69 42 63 68 88 36 14 88 67 20 62 50 19 68 48 10 46 54 78 19 86 14 55 84 35 52 98 48 23 4 68 24 33 34 100 67 57 5 3 88 54 96 40 94 3 56 38 82 37 75 26 57 9 10 61 52 29 87 92 29 12 6 19 94 64 86 77 46 16 33 90 86 54 68 35 52 13 2 98 58 16 50 13 25 86 16 69 36 19 48 59 61 97 88 66 60 24 44 50 48 64 83 21 51 0 63 79 30 90 
83 80 22 100 64 40 7 71 75 22 54 94 25 69 5 17 69 70 1 43 89 92 54 89 18 42 61 4 10 63 15 40 78 78 32 29 53 99 72 91 51 15 90 4 57 59 26 68 62 42 29 34 29 17 34 53 49 16 3 66 34 10 37 29 27 34 42 94 46 14 70 67 29 86 32 99 29 77 78 66 62 76 72 51 99 72 90 99 95 72 20 4 50 38 61 40 31 13 15 22 56 93 98 19 39 81 82 67 85 0 46 100 88 28 6 36 59 18 76 63 17 35 77 72 34 70 61 34 
69 4 57 5 100 60 0 42 30 63 74 63 91 30 59 98 28 19 22 24 49 69 59 74 82 65 98 46 50 76 48 78 70 78 69 18 72 71 28 90 36 52 73 28 62 33 97 29 92 57 92 54 99 85 69 88 42 74 2 26 42 4 38 63 32 20 52 56 52 64 11 77 41 88 83 76 98 67 12 29 20 67 29 46 32 83 38 37 72 70 14 93 62 74 61 24 75 4 86 58 53 5 6 68 13 95 81 58 28 26 80 59 12 0 83 70 55 76 11 9 47 24 9 53 88 49 19 41 
72 6 41 60 29 84 22 29 66 17 54 9 4 39 69 56 2 27 54 52 51 4 55 90 42 19 52 71 49 91 90 60 31 93 66 56 70 46 43 23 59 65 53 59 44 36 3 11 41 39 4 73 25 88 62 63 64 43 36 83 30 27 42 92 96 31 51 72 71 37 17 10 85 64 84 70 16 89 19 87 85 85 60 51 93 25 75 34 19 59 21 60 61 11 56 15 16 15 8 85 79 38 28 24 36 95 52 17 67 47 91 73 37 52 70 58 40 14 16 7 35 87 66 13 29 20 68 20 
100 62 29 4 26 63 40 18 19 7 6 96 7 34 69 18 24 15 21 47 80 83 69 47 48 62 77 10 7 61 49 49 97 62 34 62 75 74 6 70 66 73 99 51 82 8 61 52 54 54 86 76 4 59 93 34 81 63 78 38 37 77 84 93 59 61 85 38 77 67 0 42 40 17 78 70 1 4 67 39 77 54 99 16 37 84 40 22 92 7 7 55 53 26 42 78 8 65 38 84 59 55 83 85 55 84 54 89 53 88 22 17 4 30 58 55 46 60 93 78 17 89 85 55 47 33 49 88 
21 6 70 35 18 83 43 31 97 78 49 66 96 14 30 62 51 47 23 25 99 27 47 63 23 85 78 33 71 51 82 98 49 21 91 20 1 83 69 5 50 88 61 30 73 87 64 14 31 22 43 72 74 8 27 74 99 40 67 89 96 37 39 10 96 25 70 59 37 49 78 2 23 25 37 49 36 100 13 46 32 26 32 4 71 24 69 88 99 22 50 84 7 4 16 27 6 25 99 36 87 21 7 60 91 65 7 46 95 3 97 95 40 68 29 85 50 0 50 21 50 48 17 91 99 42 56 35 
42 75 1 1 92 37 95 95 86 22 24 25 47 22 39 60 10 2 93 90 17 65 82 99 18 100 42 33 100 91 13 1 98 20 84 33 62 40 95 30 96 29 96 20 91 10 20 58 24 89 12 35 96 55 64 84 94 7 68 40 18 49 57 11 100 17 59 77 24 29 18 80 45 49 87 7 7 11 95 47 100 83 21 76 82 78 90 78 15 76 97 17 64 65 25 38 7 11 33 45 31 13 81 77 70 30 18 44 16 64 11 68 23 65 85 45 89 51 4 2 26 94 40 49 33 18 18 82 
37 97 28 89 22 99 71 33 7 59 23 70 97 70 70 3 96 71 97 96 4 74 74 72 26 22 86 63 72 33 64 100 84 45 90 81 29 97 81 46 36 40 7 89 65 90 68 12 27 13 16 46 92 20 77 78 29 77 19 6 31 6 99 44 34 2 90 95 100 4 39 25 51 69 10 8 53 38 71 65 98 16 2 66 87 63 76 97 78 22 28 15 60 16 65 84 22 43 94 27 85 89 93 11 59 92 52 88 34 75 53 16 86 16 5 75 13 36 22 72 86 98 66 63 1 99 95 29 
61 63 18 0 100 18 62 82 34 56 17 80 10 98 38 99 62 56 1 58 93 73 52 88 26 8 78 16 93 13 28 45 50 39 86 44 16 54 48 54 5 45 78 91 31 48 62 32 99 12 5 32 62 55 95 21 51 92 75 47 13 10 39 42 86 25 18 51 78 50 10 78 5 23 39 7 16 88 66 11 23 98 23 56 55 2 45 98 10 6 6 27 38 22 84 18 67 41 7 85 56 74 77 63 53 9 100 7 21 53 29 72 44 92 29 67 91 36 85 24 74 73 36 86 55 94 92 87 
35 74 37 46 19 21 51 56 47 21 98 85 12 9 60 27 56 48 26 77 20 59 51 41 7 67 23 81 66 34 38 75 65 79 0 44 88 75 55 55 15 78 19 6 11 94 8 53 78 34 2 15 71 90 96 60 4 58 36 27 70 16 13 59 99 99 49 90 93 79 65 73 84 13 80 27 15 30 93 52 79 91 62 23 86 3 18 26 74 66 62 53 46 88 34 60 14 26 84 82 53 15 34 72 92 90 80 18 86 66 49 48 20 22 0 71 57 16 53 99 3 78 35 75 10 86 96 22 
12 75 52 11 64 53 50 46 91 30 99 74 56 49 96 57 63 53 90 61 83 29 93 95 13 2 11 72 17 6 78 5 77 37 42 13 36 58 20 49 97 32 83 93 45 4 63 93 22 72 37 27 0 0 74 13 28 76 16 17 48 72 18 71 84 70 57 76 87 77 58 44 94 54 22 67 45 94 34 80 71 38 74 51 20 80 51 13 88 30 3 53 33 21 78 48 98 65 36 15 64 17 54 72 33 22 89 22 26 40 17 35 22 62 4 74 52 37 83 25 19 67 52 75 37 43 85 66 
43 50 87 3 27 87 38 99 57 58 10 34 96 18 64 67 20 20 24 24 97 33 46 52 97 46 45 19 72 81 89 34 51 7 48 27 23 7 21 29 70 76 27 29 65 51 8 39 55 70 90 27 27 29 10 79 66 92 13 52 87 70 28 17 61 20 24 4 2 36 48 68 29 38 24 51 97 100 82 5 45 43 78 53 72 46 45 18 59 90 70 54 82 82 5 57 35 67 67 83 19 56 93 45 90 83 35 4 30 64 99 99 67 57 75 75 2 42 90 94 25 95 75 17 69 73 55 97 
48 53 50 82 32 100 28 39 20 67 49 88 97 35 14 62 32 75 98 18 96 18 15 83 83 90 70 70 99 32 50 38 66 76 28 67 5 38 76 49 63 89 39 12 93 0 79 61 59 99 30 47 81 49 19 16 82 66 86 21 52 59 32 22 73 13 74 85 77 90 84 58 62 75 55 43 10 72 72 22 98 58 89 1 52 21 28 54 90 55 77 9 62 49 12 33 26 20 6 89 14 69 72 2 63 40 75 77 59 15 46 13 35 50 2 64 12 13 56 61 78 35 89 71 37 50 14 96 
57 24 97 91 34 99 95 22 92 27 31 57 92 78 71 75 82 22 43 78 19 43 65 64 17 4 38 74 26 28 31 54 57 92 62 66 88 15 100 2 19 20 36 57 10 1 97 59 45 2 74 30 11 51 31 42 18 1 100 6 70 30 88 78 88 92 77 97 36 57 25 86 65 41 13 65 46 10 61 61 81 54 87 2 47 55 2 60 78 64 2 53 55 66 82 26 81 32 28 53 35 60 65 36 41 61 20 16 48 19 86 57 44 51 76 12 34 18 12 96 92 95 60 33 24 71 54 22 
77 63 32 88 23 8 23 77 44 13 70 26 49 97 30 6 16 9 82 64 39 4 94 12 26 0 28 3 76 87 48 14 71 11 12 22 68 87 33 62 6 30 15 73 29 9 18 58 47 97 87 55 2 34 73 7 67 77 53 28 2 35 92 42 92 56 24 94 39 31 93 15 2 88 90 31 4 7 42 47 42 2 94 36 34 40 60 72 81 21 89 25 58 54 3 45 89 7 40 1 94 82 100 31 30 100 84 83 80 39 20 1 24 20 40 94 12 39 64 9 41 98 66 75 58 75 39 97 
34 52 27 40 28 31 12 99 88 4 29 74 2 69 96 60 70 55 80 30 37 28 15 74 34 0 86 31 60 41 93 89 33 91 43 10 17 48 26 35 18 1 42 90 64 8 38 34 30 26 42 67 11 59 18 24 12 87 54 84 0 62 7 79 60 79 42 100 96 39 0 60 18 57 56 85 55 2 99 11 52 33 52 70 30 54 39 15 91 71 94 66 9 16 49 80 59 85 88 68 61 91 17 22 74 87 19 45 27 7 18 59 89 57 47 12 47 50 45 50 70 45 6 91 10 9 63 69 
63 2 75 46 44 78 82 2 93 26 49 63 80 41 1 2 90 72 82 56 48 0 4 99 27 22 31 94 15 51 56 55 46 65 34 54 58 85 43 67 74 41 78 36 6 59 49 85 26 17 4 92 95 80 78 41 76 62 81 6 90 97 54 40 71 77 32 95 72 84 81 6 48 15 38 63 18 48 15 76 47 11 80 15 62 44 8 57 77 50 99 52 8 29 20 83 60 96 18 43 63 40 39 38 56 85 22 71 28 10 65 77 56 29 86 9 3 49 72 15 62 32 30 67 83 34 54 6 
82 76 84 33 17 32 39 42 60 90 75 94 14 84 70 75 93 47 66 51 39 54 58 56 80 38 81 6 41 73 40 30 24 26 22 59 68 100 70 15 9 2 85 93 81 42 57 49 72 41 52 16 0 31 14 73 55 50 77 70 68 85 74 7 99 17 27 12 76 41 39 59 96 80 1 39 51 91 96 12 67 80 44 15 47 35 11 11 27 87 70 10 20 89 79 10 3 35 87 5 11 41 37 91 10 43 5 22 26 30 9 75 3 88 92 98 53 18 90 33 5 88 31 1 57 9 28 96 
77 34 68 23 94 20 87 36 44 36 7 16 100 48 31 95 70 26 4 95 85 65 23 64 33 85 48 72 24 82 17 78 24 53 62 49 96 29 62 57 19 63 24 65 57 100 17 92 61 14 100 29 37 83 36 97 34 68 99 17 80 76 58 38 23 44 26 66 36 27 81 46 43 66 24 35 100 27 28 49 56 63 27 31 52 7 25 45 16 79 30 55 13 48 72 100 32 23 65 76 35 31 1 58 71 2 51 74 14 27 60 94 87 6 94 37 64 89 14 41 14 85 59 14 54 40 54 46 
59 5 15 73 90 2 11 41 8 96 100 70 41 24 93 68 7 1 7 83 54 28 37 37 3 48 8 33 95 6 85 83 13 86 19 93 30 25 12 61 29 79 16 29 58 13 61 65 9 5 88 57 74 65 32 78 63 6 99 25 86 51 59 59 85 23 99 10 67 71 100 22 91 39 75 42 10 37 96 21 92 50 16 91 68 74 10 87 69 20 19 1 10 3 18 79 26 96 41 53 55 81 1 62 49 24 95 8 34 98 97 94 68 11 65 88 49 100 27 19 1 72 42 71 7 18 34 39 
39 3 46 87 15 82 32 84 48 69 21 19 9 35 51 2 82 16 36 67 24 96 78 40 82 40 52 38 17 84 8 40 30 82 87 90 77 9 1 78 18 0 32 46 1 39 92 22 47 31 95 24 33 73 13 10 53 19 64 97 76 47 71 57 66 54 76 9 93 68 17 13 55 82 25 11 66 88 87 44 72 26 57 37 14 49 40 75 25 64 57 39 48 56 18 61 39 10 75 28 45 34 81 69 3 51 26 28 66 21 7 41 97 69 50 77 81 77 10 39 33 20 91 65 33 6 81 13 
72 90 23 42 22 3 43 99 85 100 10 77 30 36 17 64 17 11 13 50 97 93 21 41 82 81 61 17 92 21 11 35 94 32 64 41 93 0 15 64 80 26 68 73 38 93 20 43 70 49 63 81 23 2 62 91 60 73 84 11 20 80 62 78 39 64 64 67 25 73 58 62 32 75 70 34 51 70 3 100 38 8 61 5 85 67 32 43 88 44 96 15 97 14 37 58 10 97 71 70 86 72 23 21 27 4 67 28 33 90 8 22 84 93 80 42 17 23 86 82 14 79 95 84 86 45 32 83 
72 70 41 64 94 55 6 76 48 81 11 36 13 47 69 77 19 6 79 7 2 29 80 66 62 65 13 21 64 29 52 65 47 32 82 62 82 70 15 98 13 73 7 28 35 99 70 77 36 22 91 37 4 63 18 63 52 1 70 87 55 4 60 3 38 32 31 42 85 92 28 25 49 99 22 88 84 18 27 2 57 24 7 32 56 21 23 37 60 48 85 59 33 52 49 56 78 38 3 33 2 43 13 23 27 47 50 9 17 7 34 21 14 53 66 68 74 32 94 80 18 42 18 61 92 8 21 89 
57 65 74 54 18 93 83 42 77 43 34 20 62 8 91 5 49 51 56 53 81 65 58 33 60 1 87 36 67 0 100 30 73 63 90 48 15 11 80 70 45 51 31 5 59 43 88 6 53 55 70 88 53 66 31 73 36 93 70 54 33 33 10 99 53 41 74 82 51 37 98 82 22 90 74 86 60 89 41 63 11 85 28 4 78 19 3 21 48 45 83 1 24 35 39 4 90 60 100 22 89 26 80 33 13 78 75 35 63 100 81 80 79 65 31 91 71 84 65 44 37 51 59 68 5 70 62 63 
83 26 15 45 58 92 94 81 4 18 21 85 91 82 3 44 55 12 81 22 32 66 55 20 1 26 69 43 49 82 99 65 54 61 68 29 46 82 13 50 55 78 60 10 79 9 31 1 41 52 4 74 46 80 83 33 24 96 25 69 69 38 16 97 61 53 43 54 11 88 80 73 25 98 38 43 46 96 73 81 20 5 45 4 61 10 77 15 36 58 35 68 61 78 64 88 54 66 82 46 68 94 50 25 32 31 89 76 84 51 21 45 86 36 19 65 18 32 74 80 65 17 63 76 13 58 95 96 
24 79 72 60 80 12 66 73 41 33 76 55 73 20 12 76 20 76 89 45 74 12 72 60 18 6 80 3 27 59 47 36 52 99 89 38 36 21 45 35 52 11 16 63 58 96 99 15 44 27 39 24 31 50 3 92 58 90 25 4 52 25 48 13 62 19 22 59 44 84 33 58 99 39 14 16 99 60 92 24 3 27 53 70 2 51 81 66 64 26 26 85 3 2 94 43 9 36 34 74 15 95 69 66 61 7 37 37 90 44 86 16 84 18 5 84 83 69 30 72 88 51 67 8 79 98 92 66 
97 35 88 50 76 72 76 86 76 9 68 60 80 89 15 80 75 40 80 56 67 44 46 52 84 20 59 25 12 19 96 75 34 44 91 97 57 80 14 16 9 39 38 63 64 93 0 3 46 44 94 67 38 14 76 89 16 79 32 85 86 63 7 6 54 69 49 9 9 79 68 66 50 35 96 6 40 78 88 10 44 99 92 33 28 34 89 36 67 65 48 76 91 88 4 90 48 16 72 84 43 94 30 38 25 93 42 66 83 74 84 10 80 53 54 26 5 1 32 25 21 7 91 40 38 95 79 87 
69 27 22 38 65 43 68 82 83 10 54 37 69 87 72 54 52 98 91 88 65 6 8 12 2 73 49 44 34 67 78 81 81 1 68 8 67 78 48 14 12 20 75 99 58 69 21 42 99 87 36 89 37 19 51 9 98 93 97 16 74 37 22 57 44 13 31 68 60 69 66 2 62 32 42 16 86 77 13 42 4 56 96 56 68 21 35 96 43 81 79 46 22 13 55 0 67 30 91 17 63 18 91 3 43 35 16 9 16 47 66 59 67 10 29 81 13 37 1 50 73 75 40 36 14 1 31 72 
76 4 22 91 9 7 6 12 90 29 8 85 5 93 57 88 73 11 16 74 50 74 64 39 87 59 8 73 85 43 45 88 67 76 6 48 37 23 9 88 72 94 68 61 17 73 23 84 74 48 21 17 7 91 60 47 6 62 93 20 39 28 31 85 32 42 83 74 67 18 36 6 49 10 12 94 74 20 3 9 95 79 59 88 95 89 30 49 56 66 76 47 71 21 70 4 17 26 100 51 10 19 6 24 20 12 50 48 19 11 23 80 89 12 24 47 85 88 99 88 11 7 11 71 34 51 72 94 
1 26 43 69 94 24 65 60 18 17 92 45 89 16 20 27 40 85 42 0 70 84 62 0 15 2 50 90 93 2 78 58 97 4 25 25 8 33 15 31 31 14 14 64 54 99 86 87 53 72 63 42 13 35 90 37 19 74 6 58 77 11 64 63 83 5 29 47 38 57 60 72 67 68 62 67 34 79 72 97 77 54 96 77 42 65 51 12 74 99 77 58 24 32 91 42 90 19 62 85 36 37 20 63 65 32 86 72 52 69 31 66 4 87 11 98 3 83 78 36 6 96 59 32 32 82 52 77 
26 3 66 5 62 36 11 4 84 89 15 87 32 31 47 19 57 0 94 35 18 73 79 75 48 37 14 56 33 31 9 69 71 77 9 30 80 29 20 85 32 82 41 63 33 19 82 21 12 14 7 72 48 78 53 31 57 16 49 10 93 67 3 26 65 77 26 16 10 89 79 71 13 5 23 58 0 26 41 70 42 14 97 9 98 86 26 8 91 1 60 93 4 24 8 63 10 64 52 0 1 52 74 40 13 45 32 19 25 48 46 25 21 39 53 23 44 40 40 58 55 82 30 80 72 98 91 48 
87 63 30 33 24 25 69 60 97 69 42 54 78 36 72 64 36 52 31 31 26 81 5 42 31 92 43 8 39 22 94 23 88 61 68 33 3 84 18 6 58 37 32 4 88 43 58 54 61 64 86 3 62 67 86 13 96 0 4 66 42 14 41 3 14 9 69 93 14 82 91 51 72 44 65 8 42 40 66 4 55 66 81 29 65 56 87 10 24 29 26 94 47 36 31 18 2 7 8 11 74 70 55 14 61 61 4 89 72 35 41 94 80 99 4 76 78 12 92 30 29 51 57 62 46 2 43 96 
26 31 75 57 29 97 24 87 35 13 6 12 34 63 46 68 86 69 57 42 79 64 45 0 57 51 79 8 11 60 65 46 87 16 11 73 35 39 44 91 47 26 99 60 18 49 61 92 96 78 95 99 97 18 6 10 35 98 62 72 44 55 55 94 73 72 12 42 44 24 30 94 28 71 90 2 52 88 4 20 89 14 55 28 85 65 77 56 16 61 38 91 31 5 17 2 25 30 97 15 57 46 63 30 95 56 63 36 39 42 26 8 60 97 65 92 57 29 7 37 14 15 11 36 64 89 45 50 
25 17 100 95 94 0 79 10 89 16 32 61 18 5 4 49 8 22 79 27 40 50 20 26 14 55 98 43 63 94 91 98 22 66 95 75 88 73 25 58 23 98 84 48 63 79 98 55 74 68 14 90 39 32 77 12 20 46 72 64 83 98 72 68 56 84 79 36 78 48 27 35 28 66 23 39 53 34 80 19 50 53 61 77 37 51 7 34 58 63 79 54 3 70 99 83 0 90 61 32 21 59 94 83 43 53 0 84 54 56 14 56 9 33 93 57 95 29 30 90 70 2 82 63 94 87 37 56 
96 37 38 86 54 36 84 26 15 0 50 75 36 7 14 29 87 83 41 50 70 52 56 6 1 75 27 66 62 66 75 61 59 84 67 31 67 27 69 95 64 55 56 75 5 39 100 91 25 61 99 93 69 8 75 73 5 0 74 18 6 99 47 88 69 6 49 74 95 38 99 15 94 82 67 98 9 59 53 69 60 49 23 86 88 27 30 71 47 10 33 57 30 85 4 48 90 51 88 86 29 20 31 45 85 27 28 6 78 93 72 95 51 37 4 71 40 90 39 65 9 70 61 70 73 57 13 79 
29 28 44 24 63 77 34 62 1 74 88 68 93 87 13 80 83 57 80 96 52 87 2 98 40 25 59 34 56 11 33 81 47 85 47 19 41 87 24 3 95 39 56 8 66 31 94 7 19 13 94 75 64 74 2 80 60 39 11 36 9 30 93 29 21 76 2 18 62 5 97 48 66 96 58 76 84 17 68 46 81 81 91 65 98 50 39 73 81 92 35 34 86 44 80 44 69 62 0 45 49 73 10 60 13 66 35 10 83 37 5 62 73 41 92 58 84 84 12 87 11 12 87 79 35 68 72 95 
18 40 35 30 53 36 50 62 55 42 34 9 87 60 89 49 99 21 31 67 74 3 51 9 62 100 53 10 46 15 29 93 88 15 38 50 94 65 56 45 68 64 70 73 4 32 61 8 79 47 31 73 47 17 28 5 51 17 29 88 3 35 4 74 41 63 100 31 44 60 8 59 69 79 54 2 39 10 98 89 49 14 100 78 65 31 51 9 13 32 22 13 34 31 65 5 77 62 19 57 71 91 52 88 89 51 54 78 65 85 66 42 15 14 89 86 76 27 22 63 1 4 98 32 58 13 37 61 
86 24 5 57 33 89 58 25 82 33 50 0 100 76 83 96 94 67 94 32 57 73 2 54 49 33 25 2 91 63 99 65 6 1 76 22 42 91 75 64 0 85 20 100 45 2 92 24 95 4 51 61 9 6 57 86 26 100 3 95 99 85 63 38 41 80 56 93 25 25 89 19 5 17 74 100 70 13 5 32 6 79 31 54 88 3 24 88 82 70 86 3 97 61 9 94 79 1 61 46 44 93 39 17 81 63 70 25 13 39 55 87 96 43 1 97 92 4 95 88 12 79 98 2 77 66 59 96 
41 87 26 12 39 70 19 53 74 30 48 67 38 54 51 27 91 100 12 41 20 61 91 83 99 90 97 62 25 86 6 59 89 77 1 64 40 26 96 95 27 19 90 97 43 61 51 61 47 57 48 95 91 61 80 34 90 38 41 67 69 27 20 85 32 45 64 66 99 95 8 55 7 40 21 12 68 92 5 32 8 62 51 11 18 29 1 76 7 43 21 1 21 17 0 52 57 64 81 26 19 54 31 79 56 18 49 32 44 46 22 89 37 33 33 98 37 63 34 31 25 97 61 45 5 11 22 66 
84 55 17 59 33 64 56 11 79 98 70 50 22 77 32 21 96 71 77 73 16 73 38 32 98 56 89 69 66 50 90 37 94 28 99 98 49 81 47 27 37 13 94 24 77 3 29 10 59 44 11 41 65 29 99 73 65 40 19 9 0 35 79 75 82 3 7 26 51 21 5 79 61 57 27 54 41 93 53 96 100 71 67 45 29 24 83 95 22 43 59 98 91 89 51 94 12 85 63 72 64 36 34 89 70 73 42 41 79 47 92 30 85 50 23 15 82 54 4 40 3 42 23 18 56 69 7 7 
72 100 73 41 74 88 100 98 41 54 67 73 27 69 35 86 41 87 26 40 61 16 74 63 99 98 69 44 93 34 12 70 0 53 21 41 93 72 45 31 42 21 3 44 59 76 63 41 62 57 63 5 22 7 70 33 7 3 34 73 46 75 58 62 17 32 100 50 64 77 35 10 33 36 14 49 14 19 19 36 30 34 7 70 9 29 99 97 63 60 15 60 0 45 69 78 7 59 45 56 81 54 71 25 26 100 58 96 6 34 89 36 53 3 49 36 11 34 89 20 21 94 76 88 33 83 77 53 
75 3 19 11 6 25 94 56 85 100 42 17 69 67 92 94 75 99 24 63 94 20 32 94 79 40 95 98 5 3 1 13 0 86 83 2 39 59 12 34 91 54 45 87 39 4 100 91 64 50 3 85 44 66 17 7 12 96 69 71 27 58 65 20 23 96 2 86 25 73 44 46 31 52 17 84 18 31 39 21 11 97 28 52 96 100 23 13 76 63 80 40 66 24 10 86 93 62 20 39 75 75 89 87 96 82 10 93 4 56 8 5 64 95 10 12 0 29 1 61 43 53 16 95 23 4 67 98 
45 46 35 95 16 34 93 13 79 31 61 100 14 2 22 35 2 86 18 34 81 23 96 30 77 35 94 21 78 51 2 68 39 99 14 87 77 53 85 72 95 86 93 35 15 31 97 44 58 78 87 97 51 2 18 96 40 10 77 36 69 23 37 28 57 65 88 55 42 91 57 36 97 43 60 55 83 59 1 37 55 49 77 41 0 94 51 26 33 86 77 46 82 85 17 62 32 91 64 12 91 31 40 55 76 38 51 0 49 92 94 36 81 13 80 22 32 50 22 50 84 10 21 68 93 23 79 79 
43 77 79 86 60 44 28 20 2 58 65 46 79 92 89 45 87 26 16 83 70 15 54 24 70 38 90 47 89 14 78 100 58 21 6 95 13 69 5 30 23 58 3 27 72 54 86 16 24 10 86 57 32 4 85 87 74 74 22 23 37 48 3 54 3 16 7 36 84 89 8 19 32 48 45 29 64 61 32 18 11 7 52 92 68 34 82 49 17 75 69 46 52 5 77 10 39 14 14 74 14 5 46 52 88 51 83 59 92 91 4 59 16 54 57 12 10 14 72 6 7 61 39 28 16 47 53 95 
58 99 48 88 9 37 85 77 80 23 87 37 71 74 8 82 27 22 64 79 67 92 79 88 28 75 65 15 54 76 72 1 10 22 16 74 65 79 50 95 44 64 32 43 100 81 41 26 27 7 24 50 27 33 36 59 100 69 13 52 10 4 78 4 7 61 94 85 67 32 13 6 70 23 19 74 52 91 49 15 86 80 94 44 76 63 38 80 24 99 33 19 78 29 68 72 52 79 18 43 11 99 71 94 38 4 80 83 77 81 35 42 19 89 62 48 88 27 56 10 6 62 40 3 4 37 73 23 
73 82 76 49 48 14 76 23 10 15 88 69 92 37 21 80 45 21 51 74 19 97 41 30 7 93 91 12 81 73 26 31 76 84 66 11 10 99 28 41 18 71 98 83 33 46 83 41 95 92 27 48 1 28 73 62 99 71 2 50 34 66 50 19 36 43 68 1 96 80 19 49 64 55 64 20 45 85 1 31 65 31 27 78 52 47 63 20 50 32 69 7 14 93 10 26 9 28 80 72 23 67 61 32 86 46 78 90 46 22 34 0 10 1 47 48 17 55 94 61 20 26 3 83 40 26 12 17 
15 65 45 12 5 80 62 26 31 35 30 50 37 2 25 1 90 84 21 77 95 24 46 17 4 81 68 90 85 92 78 14 29 14 76 7 10 55 34 76 6 81 51 11 80 20 90 99 19 92 47 0 77 74 71 28 14 29 99 44 41 91 93 11 50 71 11 50 3 71 37 60 34 18 59 80 99 74 19 59 83 71 49 29 43 56 83 62 78 14 2 33 81 44 79 9 80 34 91 12 79 58 65 1 27 83 79 47 64 33 22 13 91 38 76 2 63 26 34 68 49 73 21 14 71 77 84 94 
65 22 37 87 61 3 37 1 32 39 34 20 31 76 77 7 45 99 20 12 64 70 28 11 72 67 22 5 63 15 29 84 59 35 18 4 67 47 7 47 40 62 69 61 60 100 74 3 53 11 24 13 6 68 54 62 11 72 53 68 35 31 49 80 65 24 45 35 2 50 27 78 15 84 62 90 31 50 25 29 80 15 3 19 22 82 2 23 82 34 10 61 89 22 35 95 3 15 7 34 67 62 29 94 40 11 83 48 14 40 46 43 1 44 30 84 11 33 75 83 56 80 78 8 39 20 24 76 
35 77 86 21 83 68 88 91 57 71 89 57 8 68 45 77 2 23 64 66 83 12 99 27 44 4 86 91 73 67 24 11 19 35 26 51 59 19 50 78 93 65 86 86 93 87 82 77 71 98 7 33 51 26 9 50 18 55 70 27 2 71 8 84 34 45 23 65 17 38 80 92 59 73 32 32 52 50 42 76 51 81 22 33 75 19 25 84 74 23 79 13 94 87 65 8 41 92 2 24 70 80 10 61 20 55 12 51 99 9 76 75 91 46 48 75 31 33 59 87 40 99 53 91 90 9 73 41 
61 71 35 7 59 41 97 40 15 85 80 96 2 88 83 23 20 82 40 94 86 1 64 86 92 43 95 84 45 92 74 63 53 55 13 40 69 35 87 23 57 79 30 73 12 55 68 77 35 92 98 95 8 7 83 48 82 25 85 66 39 100 35 92 19 62 74 44 60 66 61 93 75 89 25 51 41 83 33 58 89 81 55 24 77 68 95 23 76 37 66 0 49 28 4 15 14 24 13 35 34 7 50 49 6 97 0 10 94 55 82 41 88 95 29 86 1 100 83 100 23 87 72 18 13 47 51 29 
76 100 20 94 30 68 29 9 50 46 49 76 22 46 48 62 42 79 77 78 89 21 51 21 57 47 55 67 38 38 20 40 91 29 58 95 23 84 10 77 3 94 45 75 44 10 54 51 10 50 45 85 84 25 16 94 89 4 1 95 10 83 71 49 21 65 31 87 65 40 79 7 3 34 78 41 62 7 66 49 60 1 13 31 37 88 44 77 21 1 47 85 87 92 19 7 5 43 9 65 72 29 74 46 59 63 5 59 24 14 16 34 56 100 86 49 30 26 0 0 60 3 3 8 68 86 9 37 
60 70 83 43 29 6 50 54 90 4 79 96 58 22 51 71 45 7 30 14 96 8 55 8 50 61 42 64 64 24 1 50 76 5 63 78 67 79 32 79 1 88 52 60 44 29 92 31 1 40 100 36 87 7 80 30 2 43 41 64 83 95 11 64 88 93 78 5 99 65 5 27 71 46 88 50 62 7 32 66 20 13 99 46 75 13 29 72 32 78 28 39 86 94 71 34 99 0 44 56 98 97 18 38 55 59 55 95 52 11 65 14 52 79 49 55 26 27 12 87 4 39 97 3 37 22 54 13 
79 73 25 44 67 67 92 65 41 6 48 83 27 86 16 34 33 78 99 74 97 16 78 7 21 96 52 70 44 15 93 34 12 99 40 52 95 60 85 9 62 60 89 9 16 30 25 27 37 54 86 75 8 97 3 83 5 96 80 59 89 67 2 64 11 49 62 67 44 13 48 92 40 75 97 51 0 94 12 78 60 19 93 62 11 33 84 22 41 82 76 8 46 45 59 93 66 12 98 61 84 4 0 17 6 74 24 77 36 95 19 29 58 72 85 18 59 0 57 62 14 56 11 90 19 38 94 84 
7 97 93 22 79 6 4 74 33 81 95 57 23 97 19 78 44 1 52 90 49 81 61 99 43 38 41 45 6 93 82 70 54 54 89 94 50 93 46 62 27 86 48 43 16 42 100 43 40 97 87 45 21 65 86 54 93 70 47 64 12 9 98 64 6 41 53 37 7 4 24 85 91 71 27 78 75 93 45 77 99 33 4 98 46 64 24 55 88 43 45 26 51 4 40 38 25 16 20 18 9 48 14 9 77 69 41 71 11 64 24 45 16 10 77 62 15 70 3 41 77 30 61 46 28 56 69 59 
38 56 89 29 37 83 94 97 72 15 29 59 25 61 49 52 90 69 48 57 62 53 69 35 30 50 41 98 20 63 41 25 93 82 26 58 54 59 40 37 95 36 97 0 6 89 75 97 69 50 67 76 36 47 97 43 94 10 89 68 66 45 70 61 4 9 19 44 67 69 50 12 78 78 35 7 46 23 16 64 90 13 92 79 41 23 15 65 52 61 46 62 24 15 43 17 90 29 84 56 58 44 24 79 53 12 48 14 12 19 73 84 29 81 0 43 12 51 46 54 94 13 81 25 36 15 45 93 
64 66 94 24 28 56 71 32 21 19 24 20 94 18 78 60 95 25 49 78 31 47 5 77 11 34 91 6 87 76 47 16 68 94 16 75 42 67 15 67 31 79 73 85 11 85 82 57 95 46 29 48 71 85 51 75 61 39 75 25 69 20 32 17 74 12 23 71 9 93 15 32 83 26 85 35 61 20 41 16 46 30 49 21 66 93 60 39 13 87 1 78 12 65 37 68 19 0 59 57 98 92 22 22 19 85 67 39 11 38 67 54 2 33 23 17 92 62 20 71 100 23 82 43 49 2 9 97 
76 21 18 73 17 89 10 72 12 17 39 11 9 96 23 82 55 23 42 75 47 71 96 50 43 56 42 5 5 97 87 65 99 4 58 81 67 71 76 17 53 31 3 93 27 59 28 9 12 54 32 71 92 73 37 7 14 54 68 82 42 96 62 47 30 16 64 83 85 92 4 34 79 6 73 69 51 52 100 51 67 23 94 29 88 33 55 15 69 65 73 88 74 37 47 63 59 36 31 81 49 99 28 64 38 3 33 26 44 87 36 55 1 12 28 6 90 80 58 51 67 3 1 85 93 15 65 100 
69 94 1 19 43 74 99 66 58 77 62 24 55 90 30 27 2 19 41 69 82 58 19 67 29 48 28 48 54 43 53 20 30 2 68 73 82 51 46 84 75 37 53 22 79 60 61 16 76 26 32 80 92 22 43 79 87 91 83 6 72 81 10 87 48 46 63 60 97 89 43 20 78 31 25 76 19 44 48 57 46 23 44 37 33 16 70 84 4 98 66 70 51 54 49 11 60 77 28 4 48 24 18 74 86 81 64 67 46 98 92 24 63 83 16 59 45 21 60 89 77 32 19 41 72 37 100 63 
19 19 99 52 8 42 69 45 49 29 14 21 38 69 91 44 17 67 99 82 80 35 55 21 77 85 84 77 74 80 42 28 65 49 7 15 79 4 88 22 73 4 99 7 35 92 63 41 95 11 11 69 3 14 64 62 28 96 17 74 36 3 91 72 74 79 67 98 79 79 33 49 18 74 53 99 57 30 92 22 3 82 14 92 35 55 15 41 34 49 91 49 23 67 60 36 29 99 43 50 87 1 90 24 49 22 15 84 55 66 81 84 45 39 79 41 66 60 86 71 59 44 33 94 27 65 37 86 
66 97 70 100 53 33 20 13 77 62 72 83 99 16 87 34 56 44 68 52 45 5 47 36 45 48 23 99 46 41 31 71 88 44 3 54 7 62 91 87 99 66 59 45 80 80 50 99 98 10 92 58 12 13 25 65 85 46 94 74 90 90 77 53 87 11 33 98 60 75 78 38 79 49 5 63 76 26 100 19 23 74 6 75 79 89 83 33 3 75 37 27 35 14 27 78 0 98 40 92 53 94 2 78 95 3 49 23 24 51 62 100 25 60 30 43 80 33 97 100 61 53 27 90 6 73 7 11 
7 77 63 72 43 13 41 24 60 97 77 26 79 25 38 19 62 11 93 81 9 80 49 36 48 26 34 21 6 96 54 100 54 62 35 33 63 3 40 46 81 29 10 99 33 99 52 87 8 11 21 2 98 82 42 21 36 39 47 71 71 66 38 92 6 94 46 69 17 19 76 77 99 35 90 58 15 3 18 37 4 34 22 75 12 94 80 97 93 11 87 73 65 30 3 92 62 92 76 29 87 67 62 94 40 75 60 9 93 64 74 59 55 41 13 66 69 92 98 25 21 50 1 33 84 28 79 48 
5 79 85 21 16 39 63 20 38 6 96 21 12 17 56 61 38 79 62 27 67 78 47 11 91 99 29 87 13 36 2 37 7 37 48 27 71 13 15 99 38 95 33 67 21 70 19 11 29 18 17 38 10 99 31 1 29 78 90 38 61 53 61 35 64 87 11 58 11 82 47 14 36 71 61 27 66 49 8 9 4 78 26 0 35 45 19 98 80 55 100 56 24 93 1 20 47 87 100 92 51 21 22 96 68 8 57 56 34 69 32 16 66 56 75 16 90 9 48 60 6 81 23 83 86 96 49 60 
85 83 72 36 92 64 82 11 32 15 74 97 65 29 54 64 79 71 40 50 96 44 37 8 25 36 52 53 37 20 89 24 28 72 10 15 33 17 29 96 63 80 53 100 37 68 48 2 45 98 73 18 77 92 67 5 44 62 81 2 94 55 20 66 72 28 83 98 69 65 24 100 60 13 100 16 30 72 16 33 44 86 7 45 69 41 79 83 89 38 37 47 97 17 62 13 98 84 6 98 60 55 45 78 84 63 60 43 11 17 63 10 22 6 57 41 40 22 47 100 6 7 10 8 85 73 45 71 
83 69 40 22 21 79 4 100 57 47 98 91 12 96 9 82 86 75 47 59 36 84 45 62 10 81 84 49 34 44 95 54 42 84 20 94 62 75 33 18 52 63 79 18 69 91 66 90 89 10 94 55 85 78 96 31 15 82 40 41 78 50 29 34 95 47 49 27 50 8 40 11 96 28 74 4 53 50 4 55 22 87 0 39 85 73 27 72 30 41 38 61 24 49 36 14 65 58 73 25 28 24 34 82 29 97 99 22 52 0 30 0 30 37 30 89 69 47 58 4 95 86 89 45 1 6 31 22 
73 62 53 55 9 81 42 47 67 49 43 45 7 90 16 24 15 70 22 9 35 80 81 61 49 86 77 95 60 89 74 85 90 81 34 19 16 67 96 88 27 80 3 91 32 95 78 21 11 73 91 62 23 49 33 60 76 48 22 8 45 19 68 69 29 97 43 61 57 3 80 74 39 54 56 76 51 5 89 6 54 8 16 31 44 78 4 73 21 66 88 30 20 88 77 79 44 3 61 41 36 66 92 95 94 43 6 59 13 12 7 19 0 61 43 71 84 35 17 28 41 36 88 8 81 78 31 6 
11 0 22 8 42 60 55 9 96 27 10 55 32 58 100 81 66 62 33 64 21 6 56 87 16 74 55 29 36 53 72 76 70 11 42 35 81 31 93 29 16 53 57 87 14 7 33 7 17 22 43 50 5 2 27 65 77 88 71 16 55 55 22 33 89 61 19 65 50 84 26 97 53 70 83 93 57 77 75 24 29 74 89 51 81 79 92 68 77 16 98 21 80 68 16 23 50 93 85 11 2 74 57 85 37 18 72 1 78 34 52 99 82 60 56 73 64 44 85 25 89 90 6 83 100 61 81 61 
57 89 7 96 67 31 65 58 21 19 49 82 98 14 1 89 34 52 24 28 37 53 81 82 19 21 64 27 15 90 3 71 24 98 91 47 22 98 44 54 29 24 77 18 93 13 3 21 37 12 31 67 29 10 40 11 9 4 0 80 79 20 5 65 82 6 25 10 94 14 96 94 7 94 35 89 88 50 75 95 56 38 20 52 73 36 84 30 70 81 13 21 15 20 65 69 55 28 66 21 11 29 71 95 97 2 59 71 85 90 72 50 4 24 9 44 84 27 67 48 60 76 35 99 58 72 66 41 
5 76 44 84 93 80 23 59 29 19 89 100 88 42 7 75 10 31 43 42 36 14 24 17 36 28 11 5 39 56 46 25 85 66 12 0 48 5 51 89 8 89 63 83 82 7 62 61 19 53 71 8 86 13 54 6 52 29 93 47 69 11 23 41 10 33 13 60 46 33 78 56 4 74 48 64 49 52 45 81 18 12 56 50 96 18 17 79 74 68 36 0 52 38 38 36 86 82 39 57 31 15 98 15 45 66 81 7 33 15 82 5 73 85 51 97 11 13 3 59 72 98 56 57 2 14 59 31 
97 66 16 17 5 45 92 82 70 63 22 57 61 12 22 52 9 29 49 86 48 36 41 97 93 5 13 15 27 18 79 70 27 57 57 59 1 87 17 46 34 3 74 98 83 19 59 64 58 1 77 55 69 24 37 62 2 58 32 58 30 95 87 58 40 80 77 34 8 90 56 81 53 100 0 67 35 30 55 67 76 67 76 90 60 63 4 20 80 72 84 60 30 14 59 42 55 88 16 66 56 96 41 30 33 88 83 75 42 20 50 38 75 75 79 20 81 6 94 65 51 82 77 31 21 47 33 91 
65 7 48 62 5 56 96 36 48 100 34 19 78 96 80 76 86 23 18 69 3 73 18 32 67 28 88 86 6 25 66 32 73 82 20 47 91 1 72 79 41 83 66 29 27 30 45 48 83 16 41 85 72 59 39 16 87 99 45 31 37 70 58 73 98 53 52 1 49 16 18 87 94 38 45 71 91 43 69 48 9 84 69 67 45 66 7 47 95 99 38 78 76 96 51 46 25 13 79 18 82 10 91 18 94 60 70 60 12 85 35 62 17 29 89 67 97 26 46 52 87 14 56 31 25 25 68 18 
31 66 46 87 77 30 68 38 17 84 84 93 40 20 76 21 52 96 80 21 49 22 69 51 30 28 79 8 62 67 63 74 11 75 38 67 2 73 58 38 70 82 58 84 98 0 0 29 54 28 72 72 56 22 81 37 16 92 67 43 5 43 65 67 17 47 86 7 43 31 14 19 14 18 48 23 24 68 39 37 88 3 87 8 98 28 72 89 41 82 80 47 50 85 2 62 72 91 51 99 23 34 65 25 4 9 81 55 100 90 32 92 73 60 72 95 11 57 21 38 5 38 78 83 24 87 37 98 
4 65 54 91 7 65 92 36 71 31 47 41 12 93 23 56 21 51 52 85 5 11 70 79 68 33 91 70 18 74 60 42 74 28 23 93 44 24 16 12 28 51 51 68 42 94 99 8 37 4 11 0 89 10 79 44 45 59 60 60 86 50 44 83 79 48 51 90 20 79 19 38 93 100 29 59 52 65 81 67 78 4 93 25 94 92 59 17 16 27 89 80 60 10 23 31 80 47 63 20 26 10 60 37 88 78 55 45 100 41 53 19 11 87 48 44 0 63 24 34 73 79 19 10 73 7 42 39 
72 36 16 97 29 87 32 10 70 92 60 3 75 17 4 37 20 17 26 73 69 55 52 92 13 86 2 75 6 80 88 5 12 76 61 13 9 56 6 11 90 17 47 8 32 30 9 93 69 25 68 81 60 58 0 2 78 43 14 34 70 100 97 15 99 98 60 48 65 54 78 79 99 17 85 51 72 83 59 37 98 18 55 54 49 28 82 79 20 95 83 99 67 71 63 72 20 80 57 94 52 85 57 43 2 45 100 64 48 96 30 31 20 64 91 50 59 98 32 41 4 82 87 64 37 32 95 35 
5 98 87 68 53 89 40 97 98 62 5 33 7 84 67 94 87 56 91 20 12 85 88 89 21 29 92 21 7 61 33 32 4 49 18 73 73 68 70 90 98 46 28 52 22 75 94 1 37 74 0 87 75 4 0 94 39 75 10 66 99 19 42 85 7 99 25 72 81 40 0 13 35 8 18 50 32 75 89 67 9 90 74 76 55 57 74 41 89 63 75 86 97 27 22 93 67 45 25 3 62 62 12 39 20 27 30 69 63 21 65 79 47 69 4 81 57 34 1 100 7 51 80 31 97 64 30 18 
88 86 80 44 80 40 51 42 72 27 44 8 58 34 44 17 66 42 26 92 61 18 66 86 27 38 76 39 49 95 100 61 43 49 18 29 63 16 32 49 38 41 6 14 15 42 99 71 31 70 83 27 98 1 7 4 42 100 41 30 24 89 11 31 71 64 21 76 38 4 7 41 53 21 74 41 12 73 83 97 74 82 29 98 56 4 29 69 27 33 97 67 92 90 20 98 88 85 10 11 93 10 79 45 20 100 68 32 59 23 30 60 67 65 54 30 54 29 88 61 14 16 33 31 74 5 2 49 
58 92 2 32 8 28 93 83 97 92 93 44 32 63 94 8 84 11 73 69 44 58 86 22 20 89 14 21 77 97 29 98 29 83 0 19 97 90 57 55 96 13 10 60 69 51 57 85 32 66 96 35 75 25 96 65 5 7 12 26 72 82 92 63 99 30 80 22 14 8 96 97 75 68 75 50 36 89 21 81 45 22 68 91 16 64 55 57 26 5 69 29 99 15 78 82 24 19 42 28 36 51 55 52 76 60 45 6 59 92 12 97 70 36 10 11 86 81 10 39 43 38 37 49 5 66 36 28 
45 45 59 21 31 24 41 97 28 11 54 99 69 4 11 49 87 74 59 9 58 75 74 80 38 52 29 61 83 42 6 95 78 79 67 73 84 13 42 12 30 77 34 68 9 70 33 0 10 76 53 72 24 22 56 21 78 30 80 78 48 65 46 94 32 83 2 44 71 6 39 32 38 76 53 46 35 16 16 38 51 19 33 97 21 29 6 16 82 2 32 38 60 18 71 92 32 27 85 39 39 22 18 99 96 57 55 5 19 51 76 56 22 54 28 67 39 42 18 34 26 85 70 48 68 42 46 95 
37 50 70 74 62 70 92 20 97 51 6 50 93 42 76 14 14 29 24 92 49 42 54 5 24 99 52 90 73 86 93 50 30 60 84 15 20 64 69 8 3 4 94 9 26 55 43 32 99 74 39 63 9 19 19 18 4 46 59 5 27 78 35 100 99 5 69 84 75 36 51 33 98 11 55 24 15 64 100 65 41 72 88 100 69 29 16 89 87 10 83 52 99 79 49 92 52 28 70 67 0 33 24 33 50 71 97 79 85 80 98 15 62 23 10 63 61 71 62 40 48 73 35 64 20 16 40 21 
93 75 48 67 40 5 43 17 2 12 60 60 78 11 54 32 40 82 2 78 89 25 91 21 69 13 50 11 57 14 4 45 83 60 100 0 57 67 9 18 15 26 21 32 22 92 79 44 68 84 11 15 1 50 57 55 24 13 80 32 0 96 48 23 71 19 81 14 16 93 26 30 87 96 25 28 28 5 22 71 84 26 37 2 0 61 9 55 22 96 32 97 0 42 31 7 6 94 84 76 61 42 45 40 83 86 42 2 54 37 28 8 62 72 60 4 8 28 63 20 68 95 68 47 58 30 8 42 
63 70 24 56 68 25 21 31 59 29 34 7 12 3 20 88 47 44 48 7 43 52 52 1 81 14 25 3 53 41 68 63 36 83 76 20 31 35 21 57 9 100 42 83 68 29 36 4 15 10 88 4 91 90 3 55 14 58 14 80 47 64 25 79 40 71 46 34 33 57 79 75 14 4 47 90 88 10 72 1 60 43 48 81 87 74 76 53 92 95 49 86 66 6 49 8 6 62 5 30 3 50 37 92 2 7 9 52 20 57 93 8 25 69 99 45 23 16 49 82 96 82 7 57 96 17 60 55 
14 93 11 41 80 12 21 99 32 32 13 0 18 32 44 88 7 43 98 15 36 27 57 72 26 49 93 78 93 86 56 2 68 90 38 42 95 77 42 84 18 78 83 40 3 24 12 94 5 23 0 58 37 88 59 45 54 95 45 7 6 92 32 30 53 84 68 93 39 27 39 44 79 47 39 47 67 6 37 70 92 5 73 83 76 99 1 67 69 39 40 41 9 43 39 14 69 86 15 98 59 70 98 34 28 40 60 43 15 46 79 39 26 49 75 100 69 66 9 74 14 40 51 86 11 81 58 89 
90 79 68 87 13 52 10 43 31 26 20 48 44 79 93 67 29 16 1 12 54 40 29 13 44 36 65 89 74 40 57 61 5 61 45 74 41 41 83 68 67 23 25 45 35 86 33 41 18 13 31 94 50 96 48 33 21 93 16 41 34 23 70 81 37 80 32 7 22 98 12 83 45 27 53 72 49 78 68 92 62 26 61 8 93 73 30 62 18 12 75 66 51 67 22 100 46 77 86 98 75 49 84 14 8 39 15 68 46 9 77 25 38 90 31 5 32 20 6 63 91 17 5 13 88 24 82 26 
