128 128
23 24 62 82 52 19 20 19 82 18 17 44 46 76 62 92 61 97 4 26 72 44 18 27 28 60 50 83 32 32 57 32 55 12 29 3 71 37 85 32 41 11 0 25 27 16 91 79 28 60 9 44 47 44 36 11 97 88 91 25 67 20 51 60 32 94 85 4 0 27 15 19 21 40 38 62 62 22 68 99 40 33 17 30 26 85 26 13 53 88 14 3 12 73 88 49 2 16 63 64 32 15 98 71 67 15 43 96 82 3 30 65 91 31 48 23 5 38 6 11 97 28 98 29 52 44 23 23 
59 8 14 67 53 29 53 81 67 12 62 28 69 37 46 93 2 37 9 74 16 23 66 14 57 6 61 78 9 13 32 92 3 94 53 63 16 17 56 99 62 55 60 17 77 72 53 90 13 61 61 10 46 90 63 93 97 3 69 48 38 11 84 55 44 54 83 32 40 62 4 20 37 74 15 35 36 3 91 38 58 34 19 10 52 38 9 80 53 17 63 50 80 74 85 30 38 51 24 0 100 96 5 36 64 2 67 60 89 2 37 84 22 91 19 28 51 47 5 73 40 85 94 6 55 14 84 49 
48 63 52 12 63 16 27 82 64 88 27 94 13 15 14 7 57 73 72 88 22 13 95 42 84 19 35 55 30 76 73 65 77 21 9 78 49 63 19 37 40 37 29 66 98 8 45 44 74 43 61 42 4 91 69 69 73 4 32 63 51 70 29 15 30 27 75 28 13 95 15 80 23 93 55 80 56 2 21 8 85 21 60 54 85 59 17 58 35 81 14 10 17 70 43 84 100 71 28 43 41 47 28 72 15 68 14 54 27 2 59 31 59 62 26 67 0 25 23 32 16 95 14 38 62 98 22 18 
46 100 33 47 3 7 30 18 68 76 81 83 82 6 69 32 54 19 16 26 13 8 91 89 97 37 23 90 35 86 66 34 69 83 47 59 11 67 40 25 40 59 78 27 96 86 77 52 55 14 54 67 39 99 11 57 16 92 6 17 4 53 27 33 81 76 57 7 46 16 2 68 52 59 87 90 46 96 70 85 62 14 73 32 10 69 60 10 0 61 32 94 50 83 13 87 79 49 62 42 77 35 52 63 46 69 28 92 55 32 75 47 69 92 43 9 71 0 61 47 84 50 12 95 57 28 2 71 
58 3 24 83 6 36 69 51 89 71 41 3 61 7 73 87 92 10 41 23 5 97 19 92 42 38 67 44 77 53 17 39 71 100 25 17 62 11 91 2 31 4 85 79 10 6 58 6 23 54 5 11 32 24 84 64 89 59 56 58 43 58 33 44 100 84 59 55 29 2 72 62 26 45 88 48 48 40 13 52 55 52 30 99 94 6 81 47 6 55 11 71 4 2 14 77 66 28 60 25 68 69 26 30 4 54 46 89 26 47 68 20 84 55 0 11 100 77 43 92 16 78 36 27 19 71 87 59 
72 97 86 53 31 7 76 8 90 100 5 43 13 2 29 23 100 0 68 79 4 87 11 31 97 89 57 86 42 97 15 80 76 72 16 24 83 97 4 53 62 86 63 16 88 55 78 98 47 37 35 1 40 4 94 41 36 36 36 53 41 49 40 71 73 25 26 2 18 70 29 9 4 15 31 58 50 49 76 44 83 43 49 2 12 85 19 43 62 20 88 12 98 15 22 25 59 64 55 29 18 84 57 14 28 22 63 68 83 3 99 8 8 2 69 67 2 20 30 6 54 36 19 66 7 59 17 68 
64 23 84 27 34 65 73 36 31 97 50 94 48 79 92 87 80 81 79 39 39 85 3 20 43 35 97 36 44 86 13 36 81 26 60 19 49 53 9 91 97 54 49 49 54 65 40 73 46 34 1 45 97 82 13 49 69 63 51 75 87 73 16 53 89 42 79 30 48 48 85 44 15 37 65 24 0 20 51 26 78 21 39 49 38 89 84 3 91 26 79 10 62 78 26 88 73 39 79 25 16 21 53 2 42 78 79 42 78 69 37 62 24 38 20 57 84 34 99 88 5 100 32 0 80 13 99 26 
60 1 65 79 14 70 94 58 44 28 50 96 84 12 46 53 0 38 96 3 78 32 34 15 53 66 60 91 91 80 60 32 5 67 22 97 10 93 61 61 25 7 55 76 73 74 100 5 3 34 55 35 5 5 14 92 10 12 38 72 46 59 2 71 21 68 75 58 63 41 91 10 10 24 73 24 85 5 44 55 6 7 17 89 66 80 74 79 94 41 39 44 18 53 79 39 9 78 28 89 20 30 61 19 1 27 19 76 38 34 79 78 29 55 87 72 24 61 96 38 6 4 19 66 3 37 58 77 
12 75 50 5 56 89 21 45 55 2 75 14 15 80 29 96 89 63 20 24 0 87 50 71 94 43 68 74 43 80 52 29 95 9 6 25 54 63 54 90 16 62 24 9 19 0 61 33 43 19 98 58 62 41 27 65 73 97 6 75 31 10 8 89 28 8 66 1 98 18 51 91 48 78 11 67 84 24 60 100 70 76 76 77 5 13 5 20 70 46 26 42 68 97 28 93 88 69 15 69 75 82 90 66 38 52 56 78 93 94 82 65 81 49 34 50 63 15 70 6 99 90 62 61 88 74 96 83 
14 49 9 16 0 61 28 52 9 35 42 77 12 68 83 6 89 98 96 100 78 80 40 38 39 23 26 58 56 78 60 15 31 78 73 20 48 72 27 96 41 100 24 72 63 28 35 60 99 44 18 98 45 93 20 83 92 35 60 0 32 45 36 59 72 3 16 7 2 59 90 7 3 70 6 49 52 4 13 45 14 49 14 29 67 57 27 26 97 37 15 49 11 15 89 3 31 23 57 90 56 17 9 98 5 34 37 85 1 6 86 6 27 48 91 59 71 49 58 72 21 86 59 35 50 86 13 60 
39 68 78 9 74 62 77 27 49 13 59 72 29 7 19 75 20 82 67 8 50 71 35 45 60 0 100 10 14 83 27 31 3 39 100 68 23 24 21 78 87 83 78 72 83 19 96 27 33 58 77 29 73 35 100 44 47 55 69 22 44 59 30 70 13 51 37 42 37 64 16 31 80 80 43 85 26 5 42 87 56 20 88 24 16 56 99 34 99 33 99 58 23 21 38 13 43 49 47 10 97 50 66 54 79 46 79 2 6 52 100 30 83 79 4 50 69 58 100 48 20 28 5 58 74 3 52 100 
62 49 5 98 39 92 26 21 17 95 63 82 71 57 81 33 71 22 30 17 42 68 61 10 99 90 29 54 12 23 12 76 67 58 68 22 19 59 23 23 23 33 82 91 41 58 88 37 52 69 32 18 100 69 86 15 8 6 58 100 54 27 55 57 33 24 74 16 74 96 17 51 34 26 22 0 56 57 20 25 85 100 49 51 23 52 80 65 82 96 72 7 88 83 94 83 9 12 56 13 17 30 68 75 32 75 24 42 45 32 93 17 18 39 42 31 82 74 26 91 89 68 94 88 44 27 19 45 
68 94 79 60 24 44 27 53 9 96 72 26 51 71 18 51 66 56 47 97 16 78 91 38 59 21 53 87 45 81 65 1 88 59 34 22 5 51 2 99 13 87 68 54 7 43 36 94 86 68 92 34 65 94 46 79 24 57 53 35 19 23 80 51 61 18 95 29 57 61 74 42 90 77 39 19 65 46 33 84 75 56 73 61 7 15 66 88 8 6 62 23 93 7 56 66 23 60 65 4 38 50 41 59 73 91 23 62 8 10 83 98 97 60 44 11 9 45 11 45 63 80 1 70 25 98 5 43 
44 62 88 49 93 67 61 68 21 59 89 25 56 38 43 37 52 65 14 17 86 20 59 84 87 74 94 27 64 71 60 47 61 21 44 72 91 53 99 28 84 59 100 2 55 22 58 50 29 71 82 43 49 45 90 68 86 17 25 3 54 36 20 79 35 32 2 17 64 54 85 32 0 16 41 66 70 34 86 23 6 75 46 80 0 21 28 17 28 64 30 100 82 9 21 47 24 82 73 91 96 4 7 48 50 94 17 15 10 74 6 79 39 79 68 42 3 34 79 22 8 1 86 7 100 54 60 49 
49 45 24 75 86 10 47 18 77 90 92 90 91 1 75 87 34 58 9 18 26 29 38 64 82 20 27 14 82 22 25 81 82 4 56 50 29 61 0 61 3 9 26 62 80 60 81 38 90 43 54 27 89 71 70 12 70 22 5 52 97 84 66 26 2 0 96 45 2 87 55 96 45 94 57 39 54 4 94 53 22 81 71 56 94 87 68 13 91 59 26 21 42 45 77 72 96 12 57 34 73 29 5 11 0 89 38 87 25 38 86 44 49 99 0 52 69 11 64 63 57 84 100 46 72 18 66 73 
98 58 19 12 30 6 25 18 32 2 87 37 32 93 50 60 5 57 31 23 56 19 7 41 96 57 21 76 51 26 83 7 76 39 19 55 20 77 55 90 96 99 96 47 75 0 3 47 54 35 39 28 48 100 43 89 87 57 27 7 8 79 63 31 49 15 20 8 41 65 10 87 35 79 40 29 99 91 39 14 17 7 14 46 21 35 4 63 43 13 16 23 76 17 42 22 37 92 35 83 30 15 17 98 59 58 28 53 93 2 88 22 71 24 34 93 95 40 72 94 71 56 31 49 15 54 79 69 
18 89 24 53 85 55 100 77 77 34 48 79 11 94 92 53 10 25 15 28 73 75 95 61 89 60 47 79 50 33 44 21 55 82 80 84 93 3 51 4 87 77 60 83 2 68 97 44 91 88 43 94 38 76 5 93 53 14 14 71 36 55 22 73 24 4 84 5 71 31 0 38 58 52 7 59 89 11 42 95 86 48 68 100 34 7 77 58 73 100 27 30 53 61 9 26 89 6 41 3 51 20 82 0 88 90 20 3 51 95 21 68 17 12 45 21 75 96 95 32 12 51 87 79 82 74 89 61 
42 72 48 30 66 12 90 46 89 12 99 85 5 40 31 65 88 58 43 78 42 54 59 99 84 45 85 53 8 29 68 67 95 17 71 93 51 42 79 28 82 60 22 96 79 90 0 3 41 76 8 60 19 36 81 16 78 64 46 53 80 27 13 100 6 54 32 5 4 52 92 45 65 69 42 61 48 63 74 71 71 57 8 24 97 39 64 43 36 60 73 60 74 27 25 4 82 18 11 64 54 19 50 30 85 39 93 92 67 35 75 89 69 33 68 93 53 10 46 31 40 88 35 75 4 66 53 91 
62 53 71 54 85 100 46 81 60 4 2 34 11 88 79 11 77 26 83 72 16 71 14 59 6 81 97 88 59 80 50 63 38 0 47 76 30 15 69 54 75 33 31 7 83 54 50 44 56 44 25 63 47 66 54 24 67 81 0 5 8 16 64 83 42 70 16 59 70 34 48 14 69 82 0 39 66 48 22 80 12 40 2 50 5 66 13 51 74 68 16 96 44 54 12 49 13 100 16 76 52 69 76 35 20 3 6 77 35 49 7 19 1 17 81 27 25 40 37 19 39 78 84 14 16 66 72 60 
23 61 55 95 97 93 22 95 32 26 27 56 41 72 52 12 65 31 64 87 12 59 23 76 64 17 67 71 75 48 42 34 46 45 69 39 2 46 8 6 25 98 4 15 22 28 38 63 6 42 47 25 95 28 22 25 71 47 54 71 95 12 87 3 51 77 76 39 48 92 77 36 19 8 5 11 91 68 11 30 68 72 7 81 23 36 12 80 96 50 22 72 62 48 93 70 35 74 33 74 67 6 77 65 49 97 58 75 28 3 83 7 81 70 69 80 18 77 54 47 48 89 61 71 57 65 24 81 
74 84 71 30 72 36 68 69 41 94 19 92 92 28 52 23 93 53 37 34 95 51 97 47 48 98 20 21 82 1 13 79 74 76 51 89 38 35 61 37 30 48 75 85 71 30 73 5 27 1 7 58 76 52 92 57 55 52 6 93 88 51 96 42 82 12 43 62 0 95 62 59 3 51 82 50 4 5 19 27 19 30 62 42 12 56 7 25 56 20 63 60 3 0 92 33 9 63 42 19 5 43 16 94 77 87 33 82 17 22 55 85 100 94 35 97 87 48 10 100 10 2 79 99 55 48 90 46 
5 23 42 96 64 78 42 35 22 2 24 82 5 52 64 37 90 11 60 48 93 22 22 28 47 76 9 43 47 9 72 69 68 63 94 55 19 21 70 85 94 14 8 29 23 46 86 95 84 59 96 46 95 52 17 94 94 47 55 58 25 84 84 45 41 33 74 49 32 73 97 40 81 25 69 4 43 25 75 59 22 43 84 97 27 12 73 43 15 70 19 31 86 13 35 92 95 87 16 90 63 77 9 78 9 59 61 60 44 42 70 11 82 57 16 27 92 53 77 39 82 89 42 81 65 45 36 31 
29 46 71 80 27 62 79 96 42 3 18 89 11 98 0 58 45 16 83 32 96 56 27 16 62 63 41 100 12 82 0 48 100 39 25 81 61 16 2 96 21 39 90 90 75 28 20 11 40 70 89 64 94 7 76 12 29 26 59 36 22 68 58 33 25 40 84 6 88 4 29 4 94 70 63 3 57 17 67 87 47 33 13 53 83 83 15 17 95 20 14 79 44 74 10 63 56 41 64 75 68 51 6 91 45 22 59 63 29 63 81 57 57 77 71 76 93 45 52 95 11 26 75 41 66 68 12 94 
52 88 74 27 94 15 90 0 72 25 52 82 77 32 59 17 65 95 90 17 20 83 3 49 10 26 59 82 61 23 45 46 8 27 70 23 71 66 35 91 20 50 6 90 57 34 48 88 96 48 87 87 0 31 28 33 36 85 75 98 89 11 14 73 92 70 41 26 13 69 2 6 48 63 19 23 43 61 10 44 45 44 59 46 28 85 57 99 1 26 76 45 54 63 51 47 14 75 61 62 1 65 6 66 89 73 6 75 31 32 45 79 58 52 16 23 98 90 85 43 11 39 1 11 85 8 45 42 
85 32 10 35 32 88 21 90 71 58 70 51 26 53 14 25 23 49 52 88 51 66 92 28 10 49 33 1 82 20 37 10 84 58 7 9 37 49 46 53 83 68 47 71 58 76 96 48 12 7 85 45 3 8 77 44 66 14 18 33 94 69 23 54 85 40 30 39 44 3 56 27 6 89 76 23 74 39 71 42 12 63 11 99 27 6 65 14 19 37 11 21 12 74 74 17 64 67 90 31 59 70 34 26 12 42 34 45 60 46 14 50 98 80 35 51 0 76 71 55 79 21 47 77 72 69 12 51 
95 49 50 34 34 53 18 62 66 12 43 50 11 55 47 72 14 50 41 93 40 60 46 52 77 50 44 68 29 16 30 57 4 22 60 93 65 27 46 90 64 62 41 55 4 25 31 57 14 15 71 2 60 0 46 91 72 64 71 89 70 59 95 16 38 82 16 70 84 64 84 2 99 51 55 98 61 30 67 91 41 77 5 42 3 73 54 82 35 78 65 92 78 43 71 60 99 46 2 23 7 82 95 100 13 7 18 98 79 61 97 94 70 62 21 48 75 10 16 45 42 37 90 91 100 92 13 27 
30 76 48 69 15 92 31 7 68 78 64 60 56 73 21 44 60 14 69 100 41 4 87 18 33 25 21 97 14 56 55 53 5 83 58 59 88 75 83 38 17 81 0 73 49 19 21 78 38 73 43 90 47 54 95 15 17 80 4 56 30 0 85 47 52 34 90 1 98 39 32 59 90 61 94 9 58 51 79 64 72 1 95 98 3 84 11 78 54 24 69 53 4 54 12 78 88 89 15 69 35 3 80 71 57 67 40 35 32 28 92 48 93 73 67 84 70 74 73 22 23 30 98 87 46 33 40 97 
40 21 45 76 67 93 56 57 33 46 43 11 79 56 65 74 82 0 94 33 5 20 12 74 56 33 59 74 12 58 13 38 51 34 36 72 85 23 15 73 30 19 10 3 63 99 81 87 87 78 97 91 77 80 11 82 49 39 13 63 0 57 55 21 46 62 48 84 73 12 73 9 20 11 32 64 27 4 8 95 86 69 67 42 18 29 87 89 10 85 1 81 88 62 28 28 71 89 40 92 48 14 32 70 85 89 42 26 34 99 70 22 9 52 3 82 91 42 60 90 26 21 9 58 55 63 30 89 
86 97 49 76 86 73 48 7 100 91 13 88 41 28 83 16 0 42 67 24 53 95 32 19 88 54 27 37 48 90 14 76 30 51 87 55 9 51 64 76 15 36 77 38 68 73 78 72 60 9 47 89 51 62 87 0 45 81 89 56 60 85 90 51 77 36 22 59 89 25 11 79 96 75 5 30 74 49 31 88 29 47 93 37 18 60 31 10 69 3 97 32 41 59 24 80 99 82 27 68 9 32 71 97 51 37 89 13 26 23 47 66 94 15 46 84 47 79 2 18 96 87 88 43 51 79 24 43 
52 46 0 84 13 66 32 67 35 82 40 96 37 77 98 49 78 84 17 79 55 30 72 37 75 91 96 25 55 83 72 69 49 32 20 0 12 94 10 62 13 13 0 71 74 16 18 17 31 75 60 29 24 89 91 92 34 10 96 97 1 44 94 72 49 61 81 62 81 47 77 67 87 52 5 37 22 19 57 32 54 35 32 32 12 83 70 10 18 90 47 11 61 4 59 61 16 24 17 55 33 100 79 24 36 71 78 59 22 32 84 6 36 87 70 32 38 25 14 81 78 35 46 98 79 10 96 76 
92 47 17 45 19 19 20 30 72 45 79 13 34 15 58 26 2 93 34 79 70 57 29 38 74 71 46 53 97 97 26 46 59 34 33 5 42 100 95 0 62 27 63 80 88 85 37 59 77 39 71 14 0 2 12 94 34 43 53 36 8 48 25 78 98 72 27 42 68 4 1 32 24 25 32 82 68 92 40 75 6 60 93 71 81 51 18 73 15 30 80 95 30 86 20 87 55 13 9 49 75 16 10 34 38 46 100 33 21 13 76 24 74 43 46 34 2 75 64 3 98 24 82 92 44 17 4 32 
39 92 87 5 75 70 92 31 67 79 91 38 80 18 90 78 7 74 28 70 60 70 52 24 42 58 100 30 55 42 95 80 17 96 7 98 69 78 2 18 26 94 40 52 3 13 26 74 44 9 74 86 68 5 43 23 95 71 27 92 6 2 67 5 38 35 57 68 29 7 25 99 28 71 64 55 19 98 79 35 1 32 53 31 94 10 64 57 31 43 63 17 27 29 34 65 8 26 21 58 69 57 81 5 26 62 3 57 65 54 93 38 38 42 84 54 43 81 53 9 78 38 29 29 77 92 84 65 
33 4 37 35 47 71 86 92 16 16 56 86 24 34 94 73 33 73 43 0 88 84 6 28 69 18 74 73 92 94 85 7 97 10 97 100 4 41 58 12 90 90 52 95 59 4 94 93 73 7 39 80 57 38 73 96 11 19 79 76 89 78 37 70 73 9 36 45 28 11 53 32 48 58 74 84 52 70 50 35 79 23 71 15 30 44 22 22 97 87 49 23 45 87 30 25 19 21 48 95 8 18 94 11 82 16 34 45 43 34 65 41 52 34 33 36 40 32 42 13 44 8 27 93 40 33 73 71 
32 69 76 18 14 33 35 51 14 35 94 63 10 96 46 98 46 93 41 97 48 49 7 30 60 16 46 96 0 44 50 34 33 94 5 61 45 6 26 17 5 98 29 10 50 6 93 28 21 94 81 45 90 65 16 64 98 45 4 15 47 30 65 54 99 26 45 13 79 12 93 37 71 35 60 63 79 1 68 3 17 46 23 6 72 66 86 49 19 67 11 80 55 85 92 98 100 34 12 91 78 67 28 85 82 63 25 12 39 68 28 60 80 35 70 76 58 18 52 46 61 45 15 90 5 60 7 44 
53 10 41 96 94 22 10 6 33 89 27 55 52 24 85 76 82 0 20 99 98 33 64 68 93 21 12 2 43 24 60 48 3 50 100 65 82 73 88 2 20 59 19 76 78 6 46 19 12 93 70 39 21 25 88 53 25 8 63 49 81 89 85 59 52 91 31 75 10 11 84 82 64 71 29 74 82 25 30 56 79 20 67 40 18 33 66 51 18 63 62 31 6 33 59 93 54 65 78 18 83 25 2 45 97 75 87 11 37 14 85 18 43 75 93 40 50 38 9 99 84 47 10 76 26 4 57 53 
78 92 74 81 86 88 34 80 36 7 98 33 41 69 16 20 50 77 39 76 4 44 28 25 29 49 7 97 28 28 34 42 84 91 16 93 79 71 4 84 98 35 38 48 23 60 6 40 90 97 8 64 22 49 29 47 25 34 33 60 15 52 91 75 84 41 93 44 60 29 96 28 9 62 50 92 96 97 33 52 48 14 21 60 28 25 82 17 42 71 15 35 34 61 10 8 70 87 98 42 28 24 35 93 99 93 25 43 99 3 18 59 3 75 29 6 21 80 70 20 21 5 77 67 4 3 97 76 
44 46 14 74 90 36 35 7 0 79 42 5 34 45 32 55 81 27 15 86 17 26 82 42 36 25 63 41 43 45 88 76 64 27 42 40 30 7 37 84 92 23 87 28 17 94 7 56 37 24 23 81 83 81 21 30 81 95 72 92 61 54 70 46 96 61 25 67 17 17 29 63 93 7 97 46 83 71 51 69 24 78 88 70 41 40 69 46 79 49 40 60 85 13 88 67 1 4 79 71 32 38 19 0 87 62 72 82 14 20 38 95 87 50 54 4 20 40 11 11 0 83 32 46 62 43 84 72 
58 14 69 94 17 9 42 15 94 74 94 96 97 92 26 43 45 95 69 21 90 77 8 25 62 2 73 35 41 89 37 98 97 60 64 5 55 73 65 8 54 32 50 81 20 66 7 4 63 15 33 95 60 13 23 77 30 95 36 62 66 43 35 86 15 26 33 31 43 30 1 3 53 22 4 62 97 34 88 94 35 12 41 60 24 99 83 76 20 84 36 38 49 85 14 61 9 34 27 92 83 20 3 73 66 15 4 71 11 68 26 11 82 66 92 67 21 31 0 53 61 87 0 24 63 21 49 94 
96 85 35 92 36 25 96 7 61 73 27 48 41 24 53 19 48 85 98 91 22 23 77 95 30 88 25 54 6 54 13 58 62 95 84 38 99 3 51 75 85 80 44 59 52 23 93 71 9 1 47 70 20 8 4 57 60 39 96 69 22 9 75 36 13 30 38 6 80 96 10 31 69 82 16 34 11 79 67 50 3 79 26 96 76 66 77 51 32 4 69 67 5 45 79 73 78 78 11 2 63 78 75 41 97 74 26 1 88 55 42 52 21 70 85 40 12 24 88 44 76 15 54 25 3 88 5 6 
89 33 32 10 78 64 25 28 64 31 28 79 7 7 94 25 32 81 23 60 15 16 87 73 85 2 36 71 94 51 86 7 90 51 64 94 70 13 61 28 54 84 46 14 50 34 54 57 4 74 33 27 70 2 21 4 24 94 4 77 82 19 24 92 38 92 66 85 19 36 39 67 79 76 12 40 87 20 57 30 84 25 36 23 50 57 80 64 0 0 70 30 89 57 3 4 32 89 66 3 95 30 89 9 74 2 62 3 23 5 43 51 52 88 73 89 26 80 30 62 12 43 65 45 78 94 46 6 
22 81 84 1 23 52 88 77 57 77 92 66 56 40 87 61 31 14 98 96 62 28 0 81 30 91 13 67 66 58 96 85 97 86 23 33 87 99 17 66 66 11 42 36 7 29 54 62 76 11 98 51 95 1 72 96 71 50 9 91 9 89 65 26 96 74 53 46 35 24 93 24 18 37 43 89 25 43 61 26 37 66 84 41 63 23 18 50 40 23 11 60 83 29 81 18 42 91 72 37 22 28 18 92 5 36 94 54 96 45 71 9 45 42 34 52 6 89 26 59 30 32 55 19 47 5 51 22 
62 72 27 74 98 88 93 85 19 93 22 3 18 0 100 52 99 99 29 19 65 85 58 63 5 89 84 25 19 99 92 90 77 61 10 13 75 90 14 45 0 74 73 34 40 73 61 82 0 14 92 80 20 58 93 3 85 16 83 50 88 54 54 33 62 50 100 92 20 98 34 58 72 98 4 46 65 28 27 28 65 52 32 75 27 74 16 6 88 27 54 49 87 14 100 26 5 6 42 28 37 1 24 85 6 68 40 64 85 63 80 26 57 62 88 28 2 57 94 80 49 79 20 17 38 87 36 47 
75 29 69 56 74 15 15 96 82 97 97 26 30 99 33 3 32 18 18 60 71 79 25 41 51 91 63 95 51 68 35 43 41 50 21 62 71 2 81 61 39 54 19 85 70 24 99 39 0 97 72 23 39 70 71 50 7 98 65 20 38 41 29 58 89 9 49 37 63 99 61 35 73 93 72 57 6 19 83 20 66 93 49 86 70 72 96 35 7 49 57 5 99 34 48 62 95 68 36 91 55 0 88 99 100 52 67 27 96 0 68 12 12 96 56 80 65 55 7 74 54 65 5 18 49 36 18 24 
9 37 36 0 23 79 27 4 66 42 9 50 76 1 18 94 13 80 85 41 50 20 14 17 84 16 97 52 81 2 61 97 98 61 35 46 72 48 78 3 38 44 83 24 60 85 53 56 84 27 86 84 96 81 16 84 89 55 3 44 74 86 1 82 44 23 56 81 89 69 23 95 55 0 89 56 77 23 100 71 85 52 26 20 52 9 90 31 75 11 33 88 68 28 2 13 35 53 97 40 78 64 8 24 99 74 93 47 84 55 35 6 0 81 56 70 95 100 36 30 28 73 60 66 52 24 23 92 
10 45 40 84 95 34 82 74 26 11 79 58 39 37 74 24 97 57 87 89 35 4 66 72 2 73 21 64 28 91 77 72 46 77 19 6 65 69 27 49 35 29 66 55 93 56 36 10 34 66 23 35 100 16 33 49 99 79 74 0 33 95 27 3 52 70 26 58 38 14 24 37 25 67 2 65 8 40 65 5 49 64 64 69 66 15 48 73 99 20 100 54 54 72 99 82 21 75 46 2 79 91 15 9 68 19 68 72 71 6 38 35 86 49 85 13 43 19 52 39 43 78 55 85 16 58 53 37 
43 9 38 3 15 68 89 98 94 22 48 33 39 47 43 38 87 38 3 24 13 10 61 42 27 54 96 18 72 8 78 95 59 15 60 79 65 88 58 86 56 57 88 34 27 5 94 92 2 72 71 89 21 25 46 11 37 3 31 15 47 80 31 9 67 23 69 7 82 42 97 50 56 39 82 7 54 47 77 40 57 80 19 10 25 62 39 63 42 71 7 49 92 9 71 0 90 58 2 27 54 69 83 84 73 26 5 76 72 95 72 53 23 42 37 99 36 94 53 5 44 64 40 91 75 75 45 11 
43 61 61 48 13 36 68 11 76 25 69 41 98 64 12 39 30 15 12 68 31 27 3 26 11 24 58 25 25 10 16 36 59 69 32 50 81 12 30 0 11 51 46 29 100 77 73 42 41 91 25 84 42 99 71 34 3 92 43 65 4 48 86 5 8 35 59 84 96 8 68 32 11 4 33 19 47 65 10 16 26 16 99 100 37 56 31 76 100 43 0 100 11 41 49 47 20 34 73 68 58 76 3 67 5 79 23 82 5 68 72 48 27 38 50 29 63 41 76 65 16 22 2 46 95 68 9 38 
4 32 57 81 69 97 39 27 13 27 6 52 72 35 80 20 83 42 13 48 100 81 12 61 55 43 47 48 22 32 10 86 34 20 15 53 75 39 99 48 26 63 51 60 2 95 73 96 19 47 62 38 44 53 60 19 74 22 80 68 11 73 20 68 85 36 71 94 86 98 26 100 41 5 17 45 32 73 52 3 5 0 13 67 72 93 43 2 96 61 40 100 35 99 61 33 97 1 36 58 29 20 44 22 15 91 55 56 91 83 9 82 39 20 49 2 48 69 90 43 51 2 33 23 67 42 55 92 
50 47 66 51 80 8 82 78 57 27 63 85 85 34 73 4 94 25 16 25 39 23 89 98 47 44 37 13 63 72 76 24 71 26 10 12 61 39 58 64 27 30 48 64 97 30 31 69 13 74 6 4 98 75 70 87 24 64 71 85 86 64 80 37 71 29 42 77 89 65 99 54 28 75 9 15 96 98 88 82 58 11 39 97 58 8 16 25 52 15 41 19 78 18 86 43 31 67 63 15 76 87 20 65 79 26 53 62 68 55 45 74 21 100 82 7 89 90 24 28 42 25 4 31 50 18 34 88 
39 27 79 72 31 48 33 47 5 55 87 78 44 2 99 47 42 6 53 33 7 72 71 75 61 81 70 16 0 82 89 32 7 100 38 47 2 84 66 68 9 49 22 58 91 98 16 48 37 46 91 56 47 1 30 89 32 6 1 1 6 67 83 73 92 84 2 20 64 34 63 45 13 11 15 18 54 4 72 70 89 14 96 75 8 34 20 97 50 35 63 14 95 38 49 48 78 71 97 67 60 14 33 47 94 75 95 27 77 13 19 1 84 81 5 79 19 68 41 57 91 83 19 1 70 61 53 31 
47 82 66 62 8 27 46 15 79 5 9 92 83 39 12 72 91 2 37 76 96 33 11 82 40 100 75 84 0 65 57 66 69 76 64 51 66 48 50 78 76 97 31 72 93 58 45 99 76 79 34 58 70 29 67 95 69 34 94 75 77 82 92 6 74 15 13 55 64 4 80 14 53 92 41 56 6 86 26 82 54 93 35 86 84 91 71 5 11 12 56 31 24 16 52 8 40 59 66 15 96 89 36 21 85 74 22 60 15 24 19 47 99 74 3 87 27 18 67 53 65 16 63 46 22 32 22 47 
11 14 68 100 38 12 28 63 21 48 88 10 7 83 86 34 20 0 32 76 56 83 31 28 5 25 84 76 30 98 39 11 17 42 81 13 96 76 11 3 32 65 81 30 82 69 11 26 90 63 30 29 100 75 48 68 82 52 43 19 66 12 53 21 35 74 72 62 2 19 44 64 88 93 58 63 85 7 33 38 51 58 63 56 80 78 99 74 29 58 54 50 39 55 5 97 26 17 2 46 16 19 71 46 3 87 31 43 23 77 26 96 72 93 7 35 30 59 3 24 64 10 6 94 24 32 41 69 
16 14 46 28 55 30 50 55 10 31 97 54 78 21 55 30 21 87 10 58 9 94 84 49 18 34 87 15 0 72 11 1 71 64 79 31 34 60 12 3 34 20 38 66 61 45 41 62 0 56 19 87 84 64 17 83 59 77 19 29 7 22 91 71 26 16 100 38 38 85 59 91 39 72 28 20 1 61 59 73 4 45 57 65 85 4 73 93 10 100 47 91 24 18 4 77 38 39 71 80 68 47 91 9 34 31 15 1 86 9 83 91 53 38 16 13 28 51 38 68 66 68 73 56 23 21 80 84 
78 5 51 4 73 4 36 31 96 55 95 70 80 7 58 73 99 63 75 52 40 36 77 32 15 84 37 69 54 25 76 41 66 19 90 23 71 0 67 92 36 61 4 24 17 82 95 70 78 56 2 82 47 83 23 49 77 56 5 26 11 53 39 30 100 94 27 99 57 60 88 22 66 33 59 47 63 74 72 34 94 42 36 58 77 95 71 98 44 38 56 75 87 59 10 95 99 21 15 49 71 75 69 9 100 58 76 50 28 69 25 39 54 55 23 27 4 30 96 24 8 89 31 45 37 22 85 52 
24 84 29 67 59 56 8 21 26 8 53 25 94 28 74 36 78 95 92 56 71 62 19 62 48 76 34 78 26 59 47 48 74 9 38 32 13 97 74 22 19 63 16 28 59 69 74 65 64 72 23 61 69 25 3 99 78 24 31 21 86 64 66 82 56 95 38 18 26 20 21 11 41 34 54 38 28 92 68 20 1 98 33 100 98 22 55 22 56 10 14 24 33 47 87 25 22 43 57 97 82 34 3 64 39 85 79 29 77 97 17 8 84 77 80 49 88 24 38 57 17 5 76 57 91 62 81 4 
52 92 4 38 78 60 75 51 67 65 68 55 44 40 45 30 90 4 47 28 18 22 34 93 8 50 76 64 75 73 92 81 99 50 24 60 76 27 74 74 68 36 94 85 7 98 32 93 92 85 0 15 40 51 99 12 48 100 17 56 24 13 64 3 43 71 71 87 35 99 96 94 48 61 80 9 92 27 30 83 51 44 43 42 17 50 43 71 44 9 19 3 53 13 6 78 74 32 93 14 7 90 12 8 77 19 19 25 63 98 28 85 56 34 67 97 42 89 84 72 79 36 47 46 53 29 36 33 
57 54 75 40 30 49 83 96 80 12 23 61 100 25 42 29 56 86 55 99 32 23 30 25 12 5 15 89 45 40 19 39 87 74 70 14 86 68 6 88 83 97 23 6 93 87 22 22 98 47 38 54 87 11 99 33 20 81 69 83 78 11 28 14 68 45 18 6 97 8 44 55 23 21 26 46 58 46 6 92 34 69 72 41 47 70 83 11 100 73 20 32 4 78 21 79 33 48 36 95 90 6 94 90 48 51 75 70 17 40 26 83 32 13 50 75 52 66 12 5 12 84 23 24 29 94 14 41 
16 92 56 87 84 91 48 62 41 95 68 31 28 2 67 15 27 49 98 36 93 3 98 53 22 27 27 79 80 34 32 12 100 52 27 87 13 43 21 56 11 29 71 62 3 54 0 98 36 83 43 72 86 76 25 73 77 83 31 88 86 37 64 32 68 86 96 77 64 64 86 13 2 71 20 43 38 67 43 79 38 47 26 20 82 42 14 93 91 55 87 12 40 22 16 52 93 47 9 57 25 34 61 36 95 56 51 67 33 92 47 7 76 84 10 53 63 7 44 52 88 80 55 88 37 1 76 26 
1 76 54 58 87 86 94 29 85 60 9 67 46 45 71 93 96 19 77 54 28 89 68 86 26 87 7 53 70 95 4 27 43 54 68 49 82 94 95 79 34 73 21 33 16 76 27 31 60 77 76 28 76 27 40 23 15 5 39 83 72 77 67 17 43 84 49 52 26 94 48 94 92 93 97 7 20 25 59 43 57 93 53 68 29 55 100 66 95 42 53 3 46 37 100 52 73 67 0 63 23 18 58 15 29 93 38 15 70 11 12 31 83 2 10 1 62 35 42 0 40 49 13 81 0 81 59 65 
49 56 25 20 81 72 42 21 63 7 18 57 91 36 69 11 0 93 59 80 41 72 55 29 20 84 99 23 18 23 27 27 36 93 0 74 26 34 68 51 23 68 90 89 21 84 44 24 77 47 6 14 51 58 5 45 94 71 54 62 1 46 9 13 1 93 91 72 58 18 5 4 34 1 93 39 97 38 28 48 68 11 7 1 95 78 46 19 34 74 96 86 98 36 86 58 4 64 1 80 32 46 56 6 67 86 13 51 93 13 27 74 16 76 81 84 18 78 71 36 70 75 1 8 59 95 3 92 
65 38 53 6 7 27 28 100 97 86 29 96 42 23 14 63 79 38 51 3 53 3 99 84 33 44 22 48 85 99 17 65 45 49 12 14 62 85 4 1 50 29 56 2 40 4 43 18 75 67 95 52 53 30 11 71 33 97 58 27 19 79 84 18 23 41 15 27 0 8 15 49 89 71 71 56 45 7 91 17 8 74 37 66 72 8 20 75 27 91 9 88 31 26 54 40 91 64 43 22 43 91 39 72 36 76 20 74 50 79 91 39 11 65 63 17 42 68 94 14 86 0 32 15 80 15 81 29 
57 30 36 31 19 50 12 2 90 1 70 85 48 2 27 68 76 28 80 32 56 18 7 20 30 43 24 61 77 82 75 62 95 43 0 100 74 31 43 47 43 75 4 83 48 4 89 88 40 6 60 26 33 25 75 62 100 78 10 12 32 42 64 52 55 53 75 87 8 45 10 71 94 93 92 17 23 77 96 47 57 44 24 87 68 100 21 77 88 23 94 62 85 53 25 66 82 73 10 86 76 23 51 81 18 29 4 30 84 75 75 4 10 82 13 69 86 31 94 76 54 77 100 94 98 34 67 85 
62 15 46 43 11 51 19 69 64 78 31 60 45 95 95 33 58 73 28 34 81 27 56 23 99 61 26 23 22 14 22 86 54 88 41 18 13 27 92 14 51 62 96 75 59 68 21 95 3 58 98 69 2 66 84 70 88 71 54 100 56 58 31 14 79 24 98 38 89 27 9 37 20 98 74 46 6 84 2 96 74 93 72 66 6 30 46 75 94 59 45 57 37 60 61 60 90 45 31 62 51 69 51 79 47 14 13 33 3 40 78 25 14 95 74 44 45 55 87 37 5 66 40 87 24 99 59 60 
46 10 66 73 14 47 82 92 50 18 20 80 85 86 74 45 32 6 74 72 81 29 85 58 10 96 11 47 30 93 32 82 26 5 22 39 37 23 28 2 56 30 21 7 66 100 64 3 16 86 31 22 63 36 89 28 97 52 39 92 31 78 89 32 85 85 86 82 98 45 75 94 91 41 97 23 19 70 33 91 16 15 74 43 100 14 8 70 49 76 71 62 41 75 91 32 18 56 87 65 66 30 63 21 79 92 32 31 48 31 50 29 43 86 59 81 61 74 44 61 75 38 34 86 23 13 64 68 
90 57 22 63 64 80 34 86 54 71 81 82 60 48 43 70 24 38 58 58 1 3 26 28 98 25 20 37 33 79 98 4 91 57 7 17 13 97 58 81 27 26 29 4 50 87 44 97 6 28 0 9 83 13 48 36 24 73 41 58 19 15 44 60 86 71 43 72 79 40 22 16 1 94 11 3 94 41 30 66 18 41 5 21 65 51 24 70 30 4 30 40 8 10 79 62 42 7 60 72 12 48 5 37 100 10 49 97 13 26 10 8 59 96 50 17 78 62 78 98 23 79 54 40 45 100 9 17 
35 66 100 68 51 57 61 79 9 5 67 42 26 85 64 60 94 55 70 41 37 59 53 18 95 82 78 10 39 26 72 8 41 46 42 63 71 89 1 51 13 84 95 16 96 5 1 6 76 20 35 65 91 62 53 85 60 70 85 26 37 45 94 16 24 50 51 2 90 52 14 12 3 78 83 29 45 69 54 39 80 57 0 18 65 77 98 97 18 30 22 86 82 37 36 69 80 40 6 23 5 34 98 36 23 52 32 29 34 48 4 15 67 39 37 40 55 10 82 100 30 5 26 17 43 32 84 28 
83 38 16 91 55 99 44 34 18 35 44 44 18 46 32 65 84 73 16 37 53 20 99 96 76 13 81 6 83 33 60 70 14 79 78 62 56 71 69 14 69 54 32 44 57 32 81 9 8 79 88 89 52 40 28 54 8 43 14 6 20 12 25 93 50 77 48 5 63 38 45 85 71 84 97 18 91 15 98 54 40 60 84 3 70 69 95 88 39 18 53 80 74 39 95 16 22 71 6 40 99 37 77 9 22 92 46 72 38 15 37 36 77 88 3 73 8 23 57 59 81 24 16 2 34 24 20 83 
19 52 68 34 33 17 72 78 85 16 12 1 44 66 58 33 80 81 75 8 82 33 97 14 77 12 100 39 14 78 77 37 1 33 0 85 35 59 56 93 19 64 51 3 59 11 76 23 20 54 76 40 80 68 11 52 31 16 86 57 14 19 99 9 91 34 13 64 39 80 81 14 54 39 97 61 73 26 56 72 63 69 44 45 41 23 1 92 0 73 54 24 73 23 63 15 8 51 82 54 10 82 69 39 9 79 21 31 19 14 95 52 22 95 55 56 12 42 47 26 2 23 50 72 10 31 99 1 
85 76 46 72 86 49 57 16 52 32 58 83 11 35 4 0 38 13 12 85 31 14 0 11 23 22 12 27 48 98 89 23 73 80 47 7 3 13 77 54 43 47 13 48 1 74 89 90 68 46 94 42 8 62 97 8 76 91 83 7 8 18 28 82 44 27 16 28 44 31 14 2 70 66 87 57 61 72 94 48 1 32 44 85 69 18 50 87 39 97 47 62 2 38 43 52 97 7 61 11 19 4 49 1 34 15 63 18 72 39 29 22 34 64 54 4 79 58 42 82 6 17 0 73 83 11 80 58 
59 45 76 40 11 76 4 32 57 69 36 99 38 27 82 75 37 61 63 83 97 29 100 98 2 61 16 32 3 87 62 23 87 61 40 1 18 51 70 40 40 34 11 38 53 61 69 47 82 17 9 98 31 47 96 44 28 40 26 38 69 9 3 60 29 37 56 96 18 8 80 18 25 57 47 87 44 59 1 32 28 47 1 51 6 40 10 56 40 53 63 32 98 25 0 38 43 40 19 20 70 76 20 83 28 45 68 2 41 58 60 85 86 98 70 36 16 12 94 54 31 15 17 82 26 30 36 31 
33 98 58 92 36 50 48 77 52 42 64 38 6 73 70 51 5 69 74 54 72 29 47 71 46 73 35 75 12 87 96 62 1 79 63 19 62 62 98 9 72 2 1 75 3 100 51 59 49 73 49 13 97 48 10 42 88 50 29 98 27 65 73 93 66 20 53 50 48 49 19 43 11 25 65 64 82 8 65 83 10 2 71 79 91 74 12 19 93 82 83 57 37 0 12 69 51 26 88 74 29 7 3 30 93 46 43 3 79 71 53 73 11 96 88 49 5 11 48 79 56 86 46 71 39 16 91 3 
9 24 29 46 43 55 69 88 13 5 85 38 71 41 60 79 40 16 19 41 59 18 30 83 22 25 75 34 36 53 42 70 88 9 50 70 92 39 57 85 36 19 49 56 89 100 40 68 33 31 32 54 71 7 48 39 49 5 72 89 26 99 40 7 2 35 7 77 38 30 15 25 32 7 88 26 25 80 28 34 72 23 30 80 14 49 79 83 83 58 61 83 94 29 54 14 60 49 77 68 99 42 94 39 86 1 90 72 21 92 60 21 19 65 30 94 45 4 7 8 44 68 99 6 13 11 70 40 
12 70 42 26 50 61 72 65 92 48 38 99 76 90 100 73 43 37 59 39 80 65 22 87 62 14 65 94 30 21 28 90 44 33 93 31 40 80 98 42 80 89 67 58 26 2 31 82 34 80 43 64 99 69 45 95 30 42 96 0 71 65 63 37 70 70 74 81 34 96 20 17 57 72 38 16 53 89 73 78 94 99 100 86 46 100 75 83 49 3 67 51 8 30 48 34 67 15 95 75 99 77 25 32 71 96 85 56 98 6 39 67 73 33 16 93 16 40 4 64 10 92 91 78 60 48 0 1 
42 32 40 1 46 1 11 13 25 85 32 73 49 84 35 92 44 98 3 18 4 42 16 2 26 72 94 35 43 21 48 39 49 53 39 99 100 69 76 43 40 100 72 45 13 30 25 63 67 38 80 72 82 45 8 63 65 61 83 79 92 28 7 18 5 45 95 57 8 30 38 22 65 68 12 0 36 99 99 27 4 44 19 26 69 11 79 47 48 21 79 22 76 92 98 38 49 88 98 89 2 81 82 14 1 5 61 84 55 38 74 25 4 97 69 10 14 6 16 27 75 25 47 7 70 85 78 86 
60 7 18 62 67 53 18 76 36 12 46 77 18 11 6 52 14 36 17 19 32 72 90 60 14 60 99 61 75 51 48 18 17 56 79 69 6 97 79 31 60 71 18 80 87 98 55 60 76 62 67 87 42 9 62 63 5 29 45 46 22 31 49 36 74 1 87 66 25 39 67 77 71 62 29 80 74 90 42 43 33 58 30 67 25 78 2 91 98 2 79 34 80 75 97 82 22 89 82 4 14 14 24 41 99 98 84 23 18 81 69 8 36 38 65 67 52 82 78 82 78 60 56 10 97 31 12 48 
52 97 80 100 7 63 2 42 32 92 45 30 22 82 99 13 11 12 23 5 85 81 88 30 8 37 82 95 76 53 8 12 57 38 37 82 57 24 19 51 52 43 68 45 26 98 86 26 46 5 94 8 98 35 42 8 69 86 73 32 79 71 95 11 48 45 91 82 91 28 18 12 54 28 41 42 38 42 74 94 26 46 2 68 74 55 96 6 5 34 76 85 35 80 21 56 77 89 80 62 40 43 64 19 62 13 21 42 83 13 72 91 97 46 10 35 0 100 60 3 72 86 41 63 11 97 40 70 
94 17 53 63 69 36 63 68 26 28 45 40 77 85 24 82 17 23 87 75 33 31 89 10 19 19 35 17 58 2 22 43 98 83 87 56 11 63 37 59 43 33 0 100 85 92 2 33 36 45 15 98 17 85 75 5 16 45 19 0 84 58 79 77 71 34 2 56 66 93 99 34 62 45 64 60 82 72 38 10 56 34 9 85 59 67 79 11 22 16 34 82 13 55 66 4 24 21 43 99 49 92 63 67 81 76 57 57 67 84 83 12 98 18 47 2 80 13 29 38 86 87 45 87 96 8 14 5 
88 98 96 71 3 53 47 2 31 69 35 38 79 34 32 72 88 37 8 20 66 32 78 90 29 10 63 52 83 62 21 87 18 79 52 23 61 31 93 53 8 36 77 92 54 50 24 71 46 16 29 24 0 29 8 60 17 70 72 61 67 23 8 38 76 43 73 70 9 57 24 56 74 73 19 21 16 54 99 28 21 5 9 93 7 12 38 56 81 42 15 21 54 35 27 97 64 41 35 9 51 66 89 47 32 83 29 92 6 33 36 85 33 32 65 22 40 40 15 28 25 2 2 83 97 4 93 77 
86 50 5 46 41 77 37 37 48 52 97 16 17 3 69 53 71 49 9 81 22 27 15 94 3 94 86 100 55 19 13 52 53 32 33 99 21 23 81 94 32 49 74 63 48 7 66 50 95 43 51 11 4 65 97 10 49 45 4 66 99 74 66 84 63 18 4 91 81 94 76 90 21 76 14 70 33 93 1 15 49 77 28 7 48 53 23 85 43 24 67 77 89 44 87 11 46 83 20 89 31 24 75 28 22 55 75 27 25 47 41 74 34 54 14 37 72 25 78 88 47 42 35 60 2 37 94 58 
56 66 52 11 1 63 7 3 83 100 71 93 18 42 15 34 8 96 52 29 60 66 88 22 9 6 54 82 24 73 8 46 43 1 59 14 11 32 24 29 98 33 55 94 4 20 0 37 91 14 42 93 23 47 81 28 9 46 99 82 48 100 14 19 83 39 10 30 38 24 65 75 46 69 45 6 10 75 33 0 55 8 49 43 23 20 62 96 71 66 85 66 40 88 15 94 69 24 34 26 12 0 70 78 63 51 73 29 5 68 15 41 70 24 38 82 34 45 7 24 93 20 44 85 19 99 18 10 
15 56 69 16 93 6 56 40 29 41 25 1 2 24 42 37 27 60 35 53 5 59 60 81 57 25 96 27 79 55 10 29 43 60 61 81 12 39 72 6 65 81 97 43 35 16 68 10 71 19 92 73 90 42 40 35 43 82 75 3 15 18 91 96 95 15 91 50 13 72 72 40 45 75 72 74 49 32 30 79 92 60 25 50 47 90 81 47 24 67 1 41 11 31 50 28 25 45 76 19 98 22 39 43 23 13 64 22 18 99 55 69 96 79 78 8 8 73 98 14 21 62 52 78 6 69 40 46 
85 45 48 54 72 67 22 28 36 7 30 91 45 51 72 40 46 59 26 83 74 93 36 67 6 49 26 100 64 38 55 97 68 88 45 2 90 24 72 97 67 56 19 5 25 47 22 73 79 67 46 46 79 45 32 49 71 52 55 8 82 12 25 95 31 10 59 94 67 6 69 67 55 5 17 33 49 40 30 2 82 68 85 3 37 6 31 97 3 11 43 16 40 37 79 86 38 59 46 93 9 5 32 85 74 69 74 81 64 59 61 23 50 26 73 82 46 28 19 16 54 82 85 51 53 70 20 31 
56 23 50 73 8 44 2 20 33 49 73 36 92 79 10 21 89 52 17 69 50 26 75 88 20 82 37 23 89 13 25 64 37 51 57 10 43 90 85 88 55 71 96 33 15 61 81 14 93 5 54 21 84 46 64 63 54 44 77 79 81 58 59 45 29 59 94 45 62 84 35 38 16 41 67 96 68 80 68 85 10 9 49 79 25 74 26 19 44 7 59 47 10 60 28 29 11 55 77 11 85 21 79 8 42 6 83 82 28 36 60 65 22 60 27 61 60 46 22 18 58 16 23 67 89 6 72 27 
4 1 18 29 22 15 24 29 78 52 14 19 18 26 48 96 60 12 95 81 15 12 50 85 45 66 34 22 44 81 81 5 5 16 22 16 53 1 32 2 87 79 92 35 1 42 14 6 18 23 9 19 17 70 74 41 46 65 26 87 14 91 38 65 99 61 52 47 39 78 62 30 36 17 95 0 83 81 59 74 79 75 29 25 81 75 52 43 46 65 55 18 71 91 40 18 79 75 3 73 98 71 60 47 52 48 72 36 48 28 4 76 44 54 5 0 62 40 10 23 94 84 19 7 16 14 25 64 
25 71 58 58 70 44 84 82 41 24 13 72 44 41 32 62 42 85 99 48 36 60 41 96 94 7 93 38 70 71 77 1 4 69 93 69 75 6 31 71 77 45 16 54 10 62 46 20 71 95 40 32 28 78 34 32 77 90 53 65 0 82 31 94 65 27 69 64 7 26 36 60 23 71 61 51 51 78 63 15 81 70 19 78 6 30 51 49 28 39 14 72 46 98 4 70 87 28 97 11 29 21 6 98 22 28 25 87 53 41 46 64 70 18 98 5 23 27 82 51 39 78 4 80 1 90 90 44 
40 79 19 47 0 17 71 41 42 83 65 38 79 73 1 52 33 26 11 9 26 9 16 30 63 19 26 29 71 10 69 81 48 72 77 83 48 69 37 11 81 36 79 78 52 74 63 99 63 61 40 91 67 67 82 96 41 4 78 43 81 42 26 54 54 51 85 31 75 57 37 91 50 4 11 91 94 26 25 24 100 43 89 72 73 83 52 11 4 59 34 45 28 22 83 39 92 75 3 5 84 70 78 27 84 74 90 74 60 59 84 62 18 24 53 90 42 20 26 100 92 37 47 10 25 22 6 39 
64 13 74 66 30 88 94 79 47 23 97 26 37 98 25 38 48 62 71 4 89 85 42 86 59 57 92 83 37 17 37 13 13 81 83 25 26 44 74 38 57 27 95 16 34 77 14 27 6 7 11 47 11 23 77 89 38 65 94 6 46 1 49 36 76 73 71 57 9 6 59 43 20 46 89 27 55 31 13 27 65 38 13 31 31 92 13 68 67 9 71 96 44 6 99 32 94 59 9 50 67 89 52 93 0 87 22 35 99 22 7 54 76 92 62 65 41 28 100 3 36 33 12 8 80 51 18 91 
90 43 80 50 44 94 25 93 41 55 18 30 36 97 19 10 76 0 52 7 13 38 35 92 33 37 42 4 62 90 8 72 32 24 46 100 18 23 65 49 37 27 21 84 43 63 47 61 13 90 39 23 22 30 80 36 30 55 94 7 71 4 20 86 34 84 72 0 8 54 57 66 58 41 18 30 38 93 44 59 81 25 52 82 54 68 89 51 75 52 98 74 23 47 81 66 73 91 70 96 30 23 70 80 27 56 100 99 46 52 90 79 95 92 74 33 1 20 82 57 93 72 37 54 81 6 18 49 
75 4 100 32 13 4 29 44 7 23 17 12 52 62 49 35 64 62 56 40 74 56 63 88 24 24 100 57 53 28 15 71 72 28 18 20 41 98 49 50 100 93 85 14 68 99 91 11 61 100 81 40 55 51 74 35 11 68 18 67 41 85 92 25 42 61 26 84 53 18 72 74 41 96 24 14 93 31 63 41 26 73 97 87 77 27 85 75 63 87 28 15 82 49 94 85 51 68 61 55 78 27 15 48 81 10 38 33 71 56 23 59 61 48 22 98 53 76 23 8 15 84 88 37 33 27 55 93 
82 59 98 56 0 60 9 50 77 9 3 42 8 74 53 6 83 28 43 18 70 13 7 17 15 48 46 75 36 61 62 18 85 92 94 53 90 58 100 36 11 85 4 73 61 52 78 80 78 7 98 44 6 67 49 31 63 92 12 49 86 7 32 66 99 4 98 2 33 66 30 99 96 0 37 2 98 38 16 58 41 81 87 88 45 28 43 7 40 92 71 84 61 59 5 71 63 77 41 87 32 84 55 38 50 18 3 34 34 68 68 38 25 85 82 61 38 100 35 22 22 79 67 2 42 75 41 99 
11 33 64 43 62 30 64 43 62 66 89 9 98 65 50 33 31 83 24 4 22 58 84 82 37 11 26 82 30 71 63 44 9 61 47 2 5 60 36 7 7 24 88 12 7 31 8 3 45 73 4 83 76 42 40 21 100 7 37 38 11 86 59 36 78 5 33 68 19 7 98 11 41 53 90 66 52 25 99 49 45 58 92 93 84 50 59 64 31 11 22 35 84 99 63 81 96 97 20 52 2 70 44 45 1 8 82 34 69 65 12 94 77 95 76 62 72 68 72 55 13 12 2 47 52 93 69 14 
74 83 43 92 94 100 83 92 4 18 22 30 94 91 7 37 25 94 16 64 54 77 31 94 43 52 94 51 66 69 14 67 78 79 15 79 97 68 58 28 82 54 36 70 6 38 9 4 87 42 50 47 41 15 9 27 99 14 52 83 25 100 24 30 37 75 94 8 14 46 38 52 87 83 37 48 91 58 82 67 82 10 96 3 58 42 81 22 7 54 10 40 96 30 46 20 57 23 70 10 69 30 72 37 71 59 0 84 15 0 69 32 61 3 45 17 15 76 79 21 0 2 64 1 82 67 78 58 
32 42 75 56 43 44 4 18 52 85 46 3 78 77 88 79 89 10 3 12 64 78 62 74 96 93 50 89 87 69 62 89 46 36 83 41 21 23 71 30 74 23 80 3 72 63 83 69 48 34 69 22 93 15 4 70 28 70 26 88 100 58 34 42 50 29 24 75 23 99 76 47 66 99 48 23 97 35 6 42 63 93 14 80 21 61 5 49 38 40 58 96 5 5 38 76 36 63 16 20 31 74 1 4 47 87 46 88 90 29 64 74 47 31 66 59 19 13 93 11 83 99 96 88 96 62 80 43 
82 85 4 9 42 10 19 100 41 58 27 33 13 51 99 80 0 17 19 64 82 41 7 21 65 15 90 87 75 100 9 28 38 74 85 3 0 24 94 8 44 93 25 99 9 28 62 52 76 42 86 59 32 20 90 58 31 37 41 25 90 29 57 53 37 44 44 77 98 95 17 1 21 4 25 73 95 16 61 56 87 64 67 69 80 82 8 19 70 7 93 56 82 9 16 88 81 82 26 26 8 59 64 70 10 5 39 61 30 64 34 69 31 78 31 97 66 84 87 100 32 1 16 35 20 90 7 63 
87 47 25 54 51 35 79 28 32 54 6 57 56 66 78 89 86 55 26 81 84 19 24 66 40 71 86 71 60 45 52 60 79 82 73 25 28 46 15 87 24 88 97 91 98 82 80 35 44 38 41 25 33 59 64 94 1 68 32 52 51 89 71 82 21 79 56 49 6 57 51 0 21 34 44 22 23 81 59 35 19 32 67 98 83 100 89 25 95 35 44 98 62 15 86 21 85 59 19 6 55 77 41 24 22 85 24 91 77 52 39 56 5 35 1 56 15 100 12 44 50 39 38 55 88 46 7 4 
31 81 78 82 68 52 2 10 0 36 63 94 31 23 41 53 51 83 70 39 53 78 72 63 12 40 47 63 54 4 13 15 92 44 36 79 34 32 55 19 50 9 30 30 65 61 88 25 74 51 5 12 43 24 10 1 26 98 82 33 5 14 69 82 96 19 85 17 84 55 18 11 56 50 56 21 20 4 92 35 15 91 51 43 18 23 86 64 86 99 30 14 7 80 9 23 10 66 10 64 66 33 32 25 76 96 65 6 33 84 74 19 70 97 66 49 86 34 99 21 96 98 95 60 60 3 56 73 
83 88 81 49 8 97 97 91 22 91 16 47 73 36 87 27 51 87 22 21 39 94 18 28 91 68 82 86 56 4 44 9 62 20 48 3 17 40 5 19 47 98 88 49 48 26 80 52 46 85 84 95 5 66 45 19 95 28 24 63 37 22 44 86 61 57 33 87 49 42 38 41 23 91 71 24 1 92 78 99 26 28 8 78 51 89 71 73 31 54 77 30 35 64 87 35 20 50 22 30 48 34 22 94 85 30 23 67 75 78 75 5 91 13 39 77 49 27 12 45 46 61 9 67 68 56 75 82 
37 69 19 49 21 74 53 49 97 33 46 53 91 24 51 50 96 36 48 65 30 47 65 85 22 26 86 14 41 40 12 39 95 22 45 76 22 13 56 32 69 77 85 14 11 53 74 21 37 23 46 1 63 13 62 70 50 0 22 83 31 66 96 64 57 95 83 5 40 94 17 41 39 18 13 99 58 64 58 75 4 78 59 86 53 8 27 35 73 66 42 9 61 21 14 92 39 74 9 61 43 96 72 77 91 21 13 40 24 64 60 63 19 73 55 85 17 41 37 83 7 36 10 4 40 8 43 29 
81 76 79 79 80 45 56 46 73 33 77 27 12 83 17 39 88 5 64 2 35 73 9 33 24 26 30 19 47 13 17 41 17 3 96 30 8 35 38 86 31 23 60 48 38 68 28 81 98 54 1 40 36 85 25 48 20 20 9 9 96 69 70 99 5 50 60 81 25 72 44 78 44 75 13 76 82 92 20 95 53 3 55 100 1 65 88 64 72 32 1 51 29 19 44 53 50 70 51 83 38 81 71 14 28 62 64 7 44 34 71 22 72 60 59 73 91 47 40 60 16 6 47 25 48 17 72 67 
49 76 64 11 97 33 53 5 53 20 56 59 72 66 7 97 72 86 83 59 29 78 7 60 27 5 94 2 47 6 26 33 95 79 92 82 73 30 71 47 42 70 73 41 7 37 94 74 45 55 92 7 68 100 70 74 9 74 91 82 83 74 96 4 96 19 25 10 39 5 54 27 13 57 54 94 89 90 69 92 32 63 13 68 3 82 96 7 46 40 67 50 54 45 93 48 33 66 64 14 51 50 13 49 66 10 78 53 19 18 12 31 88 19 72 37 72 86 18 12 62 83 42 67 15 31 3 50 
42 19 63 0 14 10 19 6 42 80 16 47 49 69 53 98 33 56 50 97 52 60 88 78 1 50 5 60 81 17 26 41 92 60 29 61 4 38 42 44 18 18 25 46 54 48 21 35 10 58 64 7 1 49 18 98 77 13 65 93 92 31 59 66 82 67 23 43 50 2 62 86 68 16 80 18 68 97 39 18 18 65 40 9 37 83 57 7 24 95 41 54 6 37 99 74 61 92 68 11 71 92 55 9 34 69 34 34 70 40 22 3 35 65 59 47 10 37 23 87 47 20 57 33 34 69 78 17 
77 5 100 98 3 45 68 55 12 73 59 28 46 80 15 91 27 26 94 51 20 23 93 69 100 57 55 72 79 83 37 38 89 59 75 64 71 29 72 69 24 91 91 27 89 80 74 92 68 68 56 66 51 32 17 33 26 66 85 99 88 55 15 80 82 91 41 48 91 87 20 15 36 2 9 44 2 39 1 14 5 26 76 14 50 37 94 8 33 90 74 14 16 7 1 28 20 73 54 11 81 24 32 68 16 56 25 52 83 63 54 65 3 3 4 99 61 47 1 20 66 96 4 77 48 33 57 78 
60 6 7 38 83 64 73 83 58 38 28 83 55 45 45 98 74 81 74 88 92 60 63 50 43 48 11 78 96 51 67 59 100 17 88 66 68 99 1 98 46 33 19 5 95 7 2 62 31 99 52 58 17 71 76 89 15 69 72 42 28 34 67 5 69 62 22 25 37 97 5 64 71 58 16 4 39 58 59 49 58 25 55 64 47 21 97 92 92 26 80 93 19 92 50 14 76 24 74 1 93 97 73 73 98 53 24 99 91 78 60 41 77 7 60 18 93 42 56 45 48 81 91 74 43 44 6 41 
44 43 52 1 96 45 49 57 60 13 56 58 99 25 41 9 77 92 88 44 39 1 85 16 78 23 62 36 16 56 47 100 99 34 80 0 52 74 78 94 65 54 63 86 21 93 14 79 68 32 96 14 31 34 44 30 63 12 67 49 26 91 43 26 85 91 24 17 80 75 94 74 30 70 49 57 9 31 22 78 13 11 63 44 25 44 94 15 9 5 20 70 26 58 40 1 55 52 33 31 12 13 100 7 24 65 61 21 68 16 63 19 54 36 4 65 80 96 71 37 9 36 89 3 93 30 85 46 
41 88 32 87 65 74 94 35 61 23 34 1 32 88 23 17 80 89 45 94 100 1 92 67 80 22 34 59 62 99 77 65 68 70 46 97 38 40 63 10 40 90 61 26 93 26 65 86 73 64 44 48 60 42 48 25 83 50 96 61 47 39 92 55 66 36 81 62 58 33 17 7 51 15 41 99 21 60 69 72 52 98 13 88 25 58 43 64 7 96 5 29 51 89 96 45 82 84 54 93 88 51 63 100 78 17 39 18 60 69 85 58 91 9 40 21 76 25 92 57 86 1 83 80 59 64 4 55 
71 26 4 22 61 98 19 92 74 15 80 15 63 37 47 27 63 50 0 32 33 35 71 63 81 25 64 61 10 97 15 39 20 59 78 52 100 89 65 43 68 5 20 85 24 94 69 29 63 21 100 68 78 57 45 77 54 29 12 44 79 20 68 75 64 99 26 46 70 32 85 78 43 72 17 61 50 70 88 63 78 15 65 2 9 16 68 33 27 50 47 11 38 66 40 76 10 10 81 41 11 5 23 56 47 1 53 66 88 72 37 4 55 43 37 25 27 31 3 44 66 10 80 23 0 12 95 89 
60 86 3 77 66 74 51 92 53 58 3 90 38 35 23 69 68 37 20 71 25 10 42 30 19 21 9 80 65 1 90 45 60 38 32 71 91 29 11 59 71 9 77 28 59 29 52 62 8 76 47 20 31 34 82 3 14 62 19 91 45 54 69 26 1 30 3 5 65 0 77 78 93 47 6 26 11 75 15 61 37 1 38 92 16 40 98 4 70 75 2 45 43 81 15 71 50 48 76 68 73 67 30 73 8 62 40 21 4 37 72 32 12 16 79 43 66 63 49 25 43 55 84 9 91 80 64 7 
12 5 86 68 62 33 42 53 57 56 31 64 100 2 89 86 40 79 54 67 51 14 80 87 83 14 8 41 58 50 91 1 59 10 52 15 42 60 27 82 76 33 58 4 71 34 100 76 22 23 3 42 41 97 93 98 69 25 24 60 4 12 48 12 13 69 20 56 97 43 20 52 82 30 88 22 35 3 30 98 45 74 96 12 29 80 19 22 79 98 28 0 50 30 51 42 67 54 99 83 4 21 93 29 85 79 79 64 78 29 62 23 53 85 62 13 10 37 86 40 35 46 50 51 79 92 67 19 
31 29 28 0 54 62 10 95 52 87 96 77 68 59 12 17 72 93 19 55 54 99 90 93 29 99 76 4 55 51 45 21 81 13 0 5 79 19 49 92 8 44 95 63 61 20 78 0 64 91 51 91 7 0 37 56 60 51 50 37 92 51 75 53 35 99 88 72 61 44 17 40 15 43 22 24 59 49 62 16 99 53 22 81 74 79 18 88 95 54 89 30 4 50 95 60 86 36 61 98 1 21 0 78 2 19 32 11 19 45 43 51 6 18 28 92 72 47 53 50 20 38 86 80 1 56 16 99 
23 93 31 13 67 36 76 81 2 10 87 87 80 40 26 2 78 75 87 76 65 58 19 9 43 61 67 21 39 75 60 88 23 52 83 33 80 59 57 100 37 11 60 43 14 30 52 73 45 98 6 37 59 70 69 65 90 67 36 50 81 24 1 81 52 75 0 37 71 40 57 19 46 1 65 55 63 48 47 59 16 74 24 91 0 5 65 49 40 24 71 78 4 9 67 38 31 54 72 32 69 84 19 40 92 97 90 4 96 15 92 76 87 16 38 48 50 16 65 35 14 17 35 6 29 27 75 4 
77 52 51 22 22 57 7 13 35 71 70 46 57 4 77 42 78 95 31 40 35 8 74 5 65 17 4 89 86 69 36 46 59 68 87 31 96 86 60 100 36 54 41 71 42 91 51 53 70 2 89 17 83 32 64 14 56 59 46 4 9 95 72 85 42 63 60 21 39 11 8 68 79 68 1 48 5 68 5 99 9 17 73 67 69 88 16 38 11 90 57 13 30 40 68 17 0 49 92 77 0 56 80 73 57 14 62 4 96 90 52 78 75 57 37 5 3 72 59 64 0 67 62 14 24 47 20 86 
25 94 6 14 69 33 55 82 28 11 29 33 84 31 50 29 61 23 61 61 93 78 33 17 58 13 84 67 47 27 22 64 27 59 92 20 35 13 78 54 80 54 46 1 83 54 13 47 33 89 67 43 93 95 25 99 77 52 3 74 88 16 65 78 4 31 60 64 76 84 58 67 45 8 21 75 18 100 15 89 6 6 87 9 82 63 75 23 29 66 41 5 94 65 6 56 60 7 56 21 83 25 62 8 64 96 19 29 52 97 35 23 9 19 1 21 26 100 23 72 77 71 36 84 41 42 64 19 
30 7 22 40 46 83 55 79 33 27 71 65 53 31 88 92 61 8 85 96 47 74 35 96 56 36 27 51 21 64 80 40 41 73 87 39 67 51 88 79 78 37 19 23 46 94 59 0 57 16 69 46 25 55 28 4 45 67 56 5 78 11 33 63 15 62 96 23 11 65 40 92 65 51 17 53 9 73 1 51 2 43 8 13 56 60 97 40 12 91 11 44 23 48 63 49 26 59 98 69 98 52 6 66 26 61 82 96 91 58 45 32 76 64 66 47 11 61 77 41 40 66 8 28 81 96 16 50 
64 34 65 68 38 5 93 34 41 45 71 78 56 14 30 76 28 21 16 92 93 76 11 96 69 97 48 73 21 37 86 7 0 27 64 58 38 1 85 4 29 16 40 51 83 52 60 9 44 37 10 48 1 61 70 90 2 38 24 98 8 19 95 43 48 4 43 29 31 10 72 92 90 100 21 82 13 12 53 0 78 22 24 21 5 100 12 46 99 45 7 0 27 5 24 36 67 65 20 72 21 78 42 34 11 94 12 32 23 84 11 41 86 94 95 76 77 45 73 59 88 36 77 3 21 65 44 97 
52 22 81 83 13 32 30 80 67 55 62 21 8 96 90 48 85 49 61 15 60 44 23 18 2 71 60 63 9 61 48 71 10 22 21 58 1 39 58 88 63 33 96 31 31 72 53 78 80 89 70 90 97 58 69 83 20 44 27 90 28 0 72 34 6 29 88 32 10 51 79 85 68 32 79 22 9 75 5 49 53 32 27 42 80 6 66 45 30 58 50 5 89 81 17 18 49 80 73 10 97 36 100 55 26 39 72 76 76 97 53 73 74 76 4 28 8 21 54 98 85 74 80 41 34 9 80 81 
6 1 45 39 98 11 99 38 25 35 37 51 3 92 75 64 25 13 12 92 8 0 20 43 50 41 82 5 44 73 78 75 86 38 0 56 64 69 59 99 40 87 87 47 20 45 44 26 31 78 99 11 99 3 88 89 71 98 72 93 69 40 45 50 10 59 45 11 58 40 57 52 95 32 53 95 73 26 31 54 82 32 4 7 87 99 28 47 94 79 60 89 28 76 89 54 68 96 87 97 79 11 91 21 12 100 87 3 36 78 22 21 26 56 99 69 84 97 64 90 41 55 44 13 53 88 94 45 
0 26 46 59 12 33 60 38 97 11 94 6 12 0 59 96 2 99 25 17 67 62 98 13 0 82 49 2 37 83 82 60 16 79 92 16 41 2 27 17 27 56 51 58 37 79 65 42 20 81 4 64 28 80 13 15 82 91 70 51 98 2 16 77 25 77 82 1 68 46 78 10 97 44 89 8 68 95 1 79 44 1 52 51 50 24 44 12 79 37 77 37 5 21 99 49 73 1 67 94 3 14 56 83 99 38 63 63 95 92 79 8 88 69 63 16 24 33 51 57 93 36 28 45 23 6 99 78 
71 87 93 45 69 33 16 39 12 9 72 71 95 67 83 72 83 95 79 38 18 53 29 73 20 56 21 9 7 79 48 67 13 55 88 82 28 16 18 39 3 34 48 2 65 99 36 60 60 100 87 17 96 60 31 84 76 4 33 86 59 35 17 55 16 46 48 90 22 92 97 71 34 98 74 29 47 27 31 80 71 45 65 1 76 92 54 26 35 78 23 44 84 52 99 4 55 70 29 93 60 86 33 86 70 93 97 84 78 22 69 26 99 27 25 35 30 54 5 63 33 1 8 94 55 96 63 82 
81 10 36 6 38 4 70 83 70 21 43 73 100 83 18 2 66 51 96 37 16 94 24 44 62 72 99 81 41 86 80 35 69 54 29 41 20 75 96 10 80 5 20 7 66 14 46 26 21 94 47 67 97 22 21 95 97 74 40 89 75 12 82 22 66 52 65 47 43 65 27 22 86 86 94 11 28 23 62 68 53 47 52 22 25 17 17 3 87 17 17 47 42 41 63 61 3 4 3 38 76 5 27 97 86 71 14 0 9 53 85 12 48 80 18 47 57 20 17 30 6 38 38 16 88 16 54 63 
30 77 40 66 1 26 43 18 82 1 12 4 25 27 7 27 9 28 47 9 76 94 52 98 10 16 37 73 11 98 5 50 98 92 89 54 30 24 86 58 71 23 5 90 25 86 38 28 76 35 30 92 31 42 39 61 31 10 26 32 78 53 73 36 79 34 57 24 36 75 48 78 98 37 31 33 74 44 20 39 26 37 14 12 41 29 59 60 66 46 32 13 20 99 34 24 38 9 48 66 61 6 55 81 11 44 10 45 28 36 23 41 82 6 6 29 36 58 43 92 98 52 56 48 89 76 10 87 
52 89 68 91 44 83 67 26 56 22 33 78 38 44 89 40 46 25 75 86 9 29 53 0 35 79 30 56 84 72 49 26 88 100 97 58 36 51 99 85 25 90 40 49 29 8 94 26 10 12 66 56 34 43 66 56 50 44 92 37 42 1 83 53 29 88 32 90 98 60 76 50 58 89 86 97 29 4 11 84 61 31 1 6 30 80 22 95 83 29 46 49 45 41 23 47 56 9 62 66 5 70 84 47 11 60 40 55 76 55 63 1 76 67 38 99 87 100 90 24 77 1 93 22 87 96 44 90 
50 19 2 94 57 12 67 48 37 78 32 32 14 26 97 47 60 50 66 8 15 90 51 95 45 38 76 92 36 80 19 85 92 21 87 97 84 24 30 77 40 17 59 8 9 51 35 44 47 63 96 80 42 11 70 53 47 58 93 23 55 25 32 95 29 36 29 76 5 35 14 29 83 30 66 7 72 15 12 6 62 66 85 17 26 1 48 26 56 37 56 20 18 48 26 12 52 35 6 36 10 54 16 79 52 45 87 0 22 74 98 93 19 88 57 32 33 77 25 76 3 31 14 86 93 87 94 65 
26 69 73 61 84 47 95 58 36 53 9 12 17 19 36 7 3 27 54 97 1 94 1 92 23 42 57 52 47 41 83 10 12 13 70 53 9 18 80 25 48 3 47 33 38 68 45 14 39 36 3 30 55 80 93 83 55 18 66 1 25 70 14 27 43 20 100 34 76 7 71 27 22 92 7 90 24 7 68 61 60 88 69 21 26 14 31 81 45 18 81 19 31 56 95 35 96 79 61 54 77 66 67 15 56 90 91 25 38 44 64 54 78 76 94 5 87 23 35 60 27 4 3 98 29 18 21 56 
83 98 0 80 73 55 80 4 19 89 31 11 68 64 73 27 90 10 6 70 78 63 72 93 31 2 95 23 83 63 35 16 40 54 98 38 73 34 84 57 39 81 9 11 94 31 67 49 12 82 87 6 73 94 51 53 37 75 82 86 22 3 6 98 8 91 4 16 36 13 90 22 98 72 99 13 83 76 38 74 99 7 6 82 9 53 74 87 51 36 24 84 9 45 18 85 15 30 94 80 16 30 59 67 65 57 94 11 80 17 98 53 52 90 96 1 52 30 19 3 27 95 51 33 63 34 2 37 
92 91 20 62 69 73 15 46 61 97 39 0 1 60 79 30 22 55 54 48 83 87 16 29 74 11 98 100 49 91 25 39 17 17 97 91 12 51 50 4 1 65 34 41 53 37 45 27 40 99 75 80 26 90 52 85 47 16 13 8 28 48 7 26 70 98 29 66 50 82 32 76 18 96 6 49 64 98 44 80 80 16 69 34 55 85 74 40 60 25 86 90 42 50 60 69 23 69 98 84 56 23 47 71 98 66 19 51 81 21 49 55 38 32 32 1 15 98 66 85 70 34 10 20 73 54 91 98 
52 59 35 44 45 3 66 43 18 3 29 40 69 72 47 46 65 50 81 5 8 52 53 26 80 60 44 7 6 50 60 81 86 95 40 73 62 52 54 79 38 89 1 89 30 35 69 66 60 57 97 48 75 47 65 61 100 57 92 58 21 37 30 60 34 4 55 50 27 26 93 93 14 98 89 46 91 84 91 62 35 12 26 33 7 51 22 43 3 53 100 22 23 61 60 16 70 33 17 85 26 43 64 46 73 35 85 57 96 77 32 92 18 16 99 45 86 12 35 59 15 9 19 96 88 20 60 33 
21 28 51 35 95 91 11 57 81 5 21 38 100 93 12 12 29 63 31 4 18 91 43 25 95 70 8 44 64 30 88 72 18 58 36 23 5 35 53 100 57 19 5 80 39 80 14 65 9 70 23 51 59 79 91 54 71 81 0 99 74 27 82 95 63 60 30 78 91 41 82 19 83 47 17 42 42 45 6 24 58 40 20 36 90 9 3 11 21 96 96 84 74 86 92 17 0 75 31 12 16 48 27 81 62 89 1 75 75 100 21 52 45 57 51 10 67 98 72 40 77 36 95 27 63 19 83 26 
55 100 59 36 17 38 53 15 32 95 59 15 54 93 48 19 63 66 26 1 78 10 61 22 30 74 58 85 84 48 53 53 48 8 31 47 71 82 84 61 43 78 3 40 3 75 67 96 14 39 87 38 38 44 71 28 38 20 11 88 95 24 6 42 36 100 97 11 97 41 71 84 65 98 95 25 89 84 68 36 12 41 82 45 25 31 58 64 60 100 37 55 69 86 35 84 66 93 12 7 78 12 4 59 48 23 66 75 88 45 38 45 64 25 87 100 84 9 74 93 73 49 36 7 30 67 28 19 
