551
1637
8502
3292
1216
3851
9378
3876
1723
3501
2598
1176
8683
9127
3655
3293
5396
9746
7879
4360
8301
1048
5176
3546
2502
9000
8750
9715
6618
7734
796
4007
1344
7500
3642
121
910
7274
3720
7095
1828
7925
6612
9286
3558
9988
8833
9400
3399
1307
3193
2331
3975
8331
5099
7159
8293
7838
3876
4776
3506
5860
7909
8544
8502
85
7695
8409
8021
9959
9120
5390
2164
2959
8567
3219
8944
6410
1091
5683
8657
6285
9148
9498
1440
8463
2357
6111
4011
9537
7171
3479
2234
6824
5102
6112
7559
7856
4716
1177
6241
5575
6166
9076
1896
562
1051
9517
4500
8542
5688
2738
7851
9680
1536
1456
4178
1552
2897
7968
1455
5536
9151
2552
9854
9114
96
940
3233
7706
166
5620
9753
4340
617
9105
569
6469
782
2485
5980
933
9097
3524
8223
9778
6778
3762
5496
1265
2335
9222
4339
2412
2013
4163
7363
1219
5780
4812
5017
2875
7305
4444
1091
3027
3951
7832
8890
7685
9470
586
7659
6589
7
2606
3811
6856
9251
1903
2034
7922
1833
3776
8895
3373
6929
6450
9170
2017
672
7839
1404
8668
5085
9736
6017
9004
3114
6963
1169
5362
4752
370
5403
1891
5439
210
2319
4468
9057
5394
3052
9569
1641
8074
2382
5221
2114
5789
3913
5761
2379
1710
4345
2848
9820
9191
5987
2880
8105
852
5326
3633
3343
6311
3047
81
5723
9375
479
1003
9795
1114
7127
8816
7569
4254
3084
2751
7984
6535
322
5897
9664
7692
2595
4349
7034
4321
6458
9725
6836
3374
7045
3617
174
9979
6674
3260
4976
6511
8103
8277
7963
8806
2013
4310
1024
453
866
8471
4110
2734
8073
4310
7892
3292
6691
3507
23
3566
8668
2393
2
1040
9798
3683
7369
6785
5397
489
410
7883
6050
557
3863
3427
8058
756
9516
1354
8933
2968
4801
5744
4619
2267
6654
5429
1390
4753
9278
9321
639
6343
1804
9233
7910
8484
5062
3634
7023
8286
7769
2020
8051
2840
7566
9571
3450
980
1947
1829
3932
9839
8482
2477
1897
3906
9254
9485
7882
6022
5143
1393
2490
4515
1648
4939
3871
1682
5483
4278
447
3033
3692
3477
4891
5768
5159
531
7700
6911
821
7935
6345
6043
6532
6852
3811
5756
2385
6099
5264
8312
5396
151
7429
3765
880
8543
7824
7697
3943
4429
6908
7956
3953
8702
6792
3723
6381
5709
5580
967
8873
6465
7910
5850
7567
5578
2798
2349
918
3662
9897
6544
2649
7160
6097
3032
6428
2718
4262
5743
6791
2143
5991
7344
4032
9540
8929
1389
5178
4970
2467
3550
2195
3856
4218
8036
4999
8936
625
6899
5341
417
5845
8260
4261
9457
8022
5698
3068
1039
9731
1061
6885
5655
7970
8533
53
9113
8882
1751
7441
828
1671
1105
1952
7781
149
9230
9536
191
8219
4677
1816
2127
1718
207
7540
2804
4235
4986
1969
3868
613
2929
8361
4061
5564
9346
8755
684
4495
5680
6168
3601
1274
8224
9962
357
5839
8177
4637
2686
658
9837
7147
4803
2704
2888
7062
1765
2683
95
2879
755
7873
5479
3933
2663
1443
3976
6848
6498
7091
6445
6384
5474
3826
692
5785
783
5023
8307
3255
7357
8935
442
7923
568
9750
4873
9787
258
533
4831
9835
9428
7432
9005
7957
3138
3245
4961
4471
2257
1262
4640
1063
6382
3148
5017
8622
9121
4016
2235
2038
5607
6732
7312
940
4489
5809
8399
84
5927
3680
5957
5170
4243
3748
8188
4295
7804
8805
8586
8675
1142
4476
5053
4116
5993
8080
198
8374
8773
7094
9539
3729
8881
9820
915
6528
9439
6094
3790
7878
6129
1105
5892
1646
5524
8309
4495
6894
3906
8719
1962
4501
5027
6079
1579
9875
9479
2588
5407
5577
1748
1543
9777
4056
7034
5932
5763
8989
1454
1605
7564
16
3543
2583
2481
2327
933
1690
772
2261
1647
3415
4814
2532
205
7488
5078
1526
2363
986
2750
7341
8570
6485
9666
5100
3678
9073
2821
8312
3272
2719
9761
946
3784
791
215
1401
9059
5308
5105
7186
4561
1486
4852
2342
6252
5733
8554
4833
4344
4441
9959
1495
6534
3152
3970
8481
6934
801
859
4152
1481
6897
7299
9067
9457
6865
9291
7560
3169
4792
6342
6832
5956
8570
9462
3948
176
4753
9130
2722
7461
5281
2484
6501
4802
7524
9635
8998
9220
7196
9160
5602
1427
9803
2712
7757
4027
4499
7709
7601
600
9657
2075
4771
9550
1114
6233
4531
6844
2089
6246
7879
4015
4314
7856
9167
7172
4076
690
5076
233
884
7220
9206
2941
3688
5745
4519
2848
7093
5066
7463
7674
904
5852
1583
3218
8165
8071
4146
2349
8214
6070
3111
9852
9717
9808
1235
2534
4816
8912
1572
7524
6710
9169
1710
2561
1199
3661
3610
5293
8236
2900
9113
2973
554
6933
6598
8587
9634
2048
7389
8691
2621
6141
3139
9790
4662
5317
8789
4245
2418
5423
7331
7398
7516
703
7265
944
3225
6724
2846
8360
2451
4580
593
9369
5691
8999
2593
2977
2512
4640
1652
790
7076
4078
5795
4940
8737
138
5103
3250
7504
9460
6254
6569
7200
5953
5461
998
6700
4044
4826
594
1110
5097
6334
6604
6985
4067
9699
2654
951
7583
3821
9263
1698
5649
9257
9425
701
2869
6087
131
841
5107
1473
938
3092
9849
559
7950
1547
7109
3112
1800
3871
2817
7672
3141
5182
3256
1191
4217
2457
1855
7018
7266
2849
8135
4976
4700
6357
7890
3310
1111
5174
6490
9726
8826
4086
6178
8928
6906
1922
5007
9094
2164
3828
9546
2843
9319
6800
9305
3449
7193
8058
9378
6411
1319
8634
3628
9219
1827
3321
1187
1438
120
2307
9875
5108
9182
2979
7102
8900
8366
4593
1628
4847
854
9702
9713
5617
7880
2005
6807
865
2632
2049
5160
8257
8832
8088
8829
4426
388
4591
1150
5383
9785
1589
2431
1066
3399
6631
8256
5047
9749
3393
669
1500
6406
7559
1785
5596
803
1140
3195
7251
129
2089
2614
6862
159
7370
4080
5279
438
6893
2717
6435
1616
5645
5002
6365
3690
87
7298
4479
12
2807
7638
5323
473
9157
7595
3403
2027
8424
7788
7188
4684
1073
6503
302
539
5122
4135
5745
7511
1547
1078
5348
8249
248
6672
5149
7555
81
4930
912
5895
3356
5499
8855
8345
9134
1892
8134
4239
9051
3184
1292
9608
3993
8862
6470
4452
2815
713
216
5902
8981
5119
8806
9011
5788
7326
9611
9926
7629
1322
4654
9
3047
757
6006
1055
8502
877
8823
5012
4430
7516
9845
5732
8547
2590
3808
8107
2344
9584
3298
4047
4372
2458
6802
3288
6770
2122
7714
4508
8562
9872
1249
712
6463
8341
2471
3294
1724
3016
2640
7702
5648
4387
7518
2655
4945
652
5793
5933
3643
2826
4639
6264
4031
4138
4182
5419
8765
1399
1115
2650
7241
8011
638
1820
3689
2735
5175
5888
3
8916
8055
7749
6785
5720
4124
1294
3495
4247
7043
4974
2671
2371
5696
895
5674
8238
5004
6200
2160
4236
5579
1455
6423
6681
6968
1347
1462
1693
8827
4066
648
4682
3712
667
2822
9780
1956
7053
7308
6913
5742
1165
2485
5550
3459
694
9723
3993
5621
5406
9024
9157
7496
8743
4083
5696
8617
4806
3904
7688
1384
7880
7408
2689
9503
6928
6325
3326
1940
4608
6037
9792
4746
9610
5050
6311
5501
3166
9636
1548
1491
1026
1588
3951
5793
4915
2568
8607
1263
5889
8361
6918
9904
3571
6195
2482
926
153
645
4178
2828
3073
554
6544
7208
5050
7400
3484
1809
389
8498
8879
2173
7157
7133
3727
7987
8095
7482
4227
4547
426
8359
8058
2559
3672
9474
2436
889
4077
703
9928
2808
6138
9045
5687
9039
8987
7461
6051
8522
657
8604
5527
8081
7563
5454
1174
5830
6462
4182
2522
8527
7052
6138
8358
4999
8729
586
4787
9522
1816
6842
454
5167
8753
7615
5549
5730
2769
6988
1953
1667
6749
2124
3171
5313
881
9958
6092
1623
8037
3056
8469
5260
5921
4710
367
1599
3154
903
9697
5914
2239
3212
5737
3588
3642
6495
2756
5449
5484
1258
7954
908
4599
7265
3926
3574
4410
4931
445
8821
9003
6318
8216
7143
7322
2300
81
5267
5395
9597
1449
9002
5968
6880
964
6125
64
7044
2046
5687
1279
3729
8026
6509
8094
6030
6006
9586
5907
2975
5725
3118
3958
7604
5592
5063
3413
8494
1841
6146
1306
4209
4010
5011
2829
8048
1784
4581
7353
9817
3791
8300
8955
3321
3796
2847
6081
8772
4415
5099
8844
6589
645
9757
8481
4502
7579
3046
3089
1002
9577
4350
3211
3593
5472
6717
6236
7543
4258
1396
4937
1258
7449
5257
8335
182
6409
9530
4028
1860
5068
6234
1872
878
7466
9091
2457
5910
9695
884
6467
9172
1578
6119
546
8829
1850
7961
3898
7631
7612
8382
1767
7215
2256
5695
9417
7623
5157
1204
2776
2942
3715
6522
9339
9009
689
5618
1118
2821
7319
1081
1771
5910
5983
3415
8934
4189
7998
2379
5068
2620
1647
975
7018
9685
3887
9614
186
2294
1378
8205
3726
679
6908
9914
4948
1018
4541
3912
7143
9736
9412
8978
6594
7826
6776
3118
3721
9808
1348
2816
372
3354
7965
8020
595
5860
3462
9828
6826
1438
4801
7772
6432
7861
6182
6100
8808
9245
9058
2531
296
7609
265
2265
1284
5428
3891
5800
2869
955
1113
2890
6994
8410
8691
6569
2309
4539
2635
4604
6020
4427
9803
7647
8501
2093
6568
3896
1578
8259
7151
1632
5075
7464
6828
4010
6292
6951
2376
4280
7462
5524
3439
8544
3307
6793
5991
3260
6483
2212
2468
5330
4464
5481
3886
1640
1638
2769
6033
120
1254
1520
5968
9493
7017
1447
2835
7506
7735
8462
3232
4328
8555
3297
7838
6186
8962
934
6677
3264
751
173
2902
5727
9045
7375
5551
9778
4556
8395
2296
9588
3078
5135
2903
5393
9697
3340
7307
2652
5291
3823
3564
7325
4415
6140
5562
9270
1738
8382
8112
2929
4666
2010
7789
334
2633
5241
2136
6615
2838
4874
2537
3474
79
2221
4531
1234
1479
6088
3754
8655
4972
6036
2949
1174
6403
1352
7297
4313
8670
5445
6652
9759
7138
2283
3464
7406
8502
3476
4191
9508
8892
7532
3767
4812
3986
3706
5094
2969
717
4335
7895
3386
7984
5842
3811
3385
2384
5683
9188
3135
6851
46
7524
2959
3528
5816
477
3685
7788
6641
50
659
562
7567
9425
4380
6042
8003
4764
9151
2488
790
5351
8042
3793
4567
5902
2078
2512
1658
9439
3473
1760
3369
3665
6180
2175
6894
7558
6344
684
7278
3786
5863
1263
4590
616
6063
2568
5194
8710
231
4814
9595
9233
9970
6129
3820
7901
4073
2774
7026
6688
2220
5231
5087
1927
7385
9351
1269
7885
6835
5620
1436
7158
4302
5269
4789
8870
3781
6919
6649
4690
7872
7845
104
57
3642
3517
285
4158
3373
8104
7339
1202
9572
2466
9666
8287
5864
3479
4003
4502
6167
1087
3667
7538
6629
2844
7519
5284
7981
4064
1441
2582
4581
7251
629
5394
4899
1193
5940
3963
8074
5573
7111
6919
3823
2138
3934
4593
5676
5155
9314
721
2535
1999
2857
4128
6134
9730
9398
855
6520
456
1431
1610
4646
7987
220
2976
1920
8424
9869
4877
2543
963
3217
3706
8937
9991
1231
5205
5246
8692
9575
6967
5951
4408
1990
4224
1763
5202
3164
909
7195
9733
9259
926
3445
7437
6864
5445
2071
4589
1050
9893
4450
953
1728
4133
9927
8079
8936
2962
6352
2892
816
6569
1318
4648
1040
3847
4117
9093
7567
1402
7407
7433
8358
4052
9117
6817
6285
1199
3257
3480
4395
8368
2951
2891
4782
6536
2888
3898
3393
2281
6079
6377
6413
5386
2452
6974
7109
5176
6325
1296
2159
8157
6655
9831
4836
4964
9911
2884
6858
4474
2256
330
8604
8461
8732
3195
800
8812
3502
5553
3266
5830
3161
8551
5103
5610
4325
7793
9246
828
1797
7953
9959
9836
7065
491
2596
8308
8142
2737
4238
6838
6096
786
3973
8509
8470
1831
6580
3271
8094
2705
5743
9285
745
2120
9977
4192
8805
2417
4638
3678
5157
31
4191
3306
6059
8138
9637
5966
4635
9659
5936
3286
2915
604
6259
8820
7102
5116
7625
8667
504
1130
9214
8552
6200
2775
4535
2998
2075
8908
7651
8781
7986
6312
7048
1784
1292
5048
447
956
5670
8452
107
7685
7725
1453
4813
2024
9162
9841
4755
1048
2851
7019
6740
842
4356
3919
8444
4077
2133
6345
5826
4876
5389
5330
8222
9828
4156
1788
5582
6801
1788
612
4799
1623
6520
5986
5197
2604
7703
9668
3931
1717
4369
1101
7140
2401
6154
7695
665
9502
4600
4948
126
5564
5272
3646
1396
8293
8802
7247
1952
9894
4138
6149
3983
5896
2335
5899
4716
5276
496
7581
4458
2824
1125
7779
9468
9211
4706
8563
1019
5657
1660
7725
7393
6306
3628
8073
5547
2085
3327
2259
8388
752
5927
8031
6516
8315
6880
5885
270
4620
2792
8112
7969
1930
4870
7559
6170
5599
1922
8615
3549
3465
285
383
2893
8890
1777
8199
8639
7528
6838
2408
8886
8051
5014
858
1531
6617
5175
4074
8011
8242
1935
1546
1496
7723
2916
7760
213
8790
4617
841
2828
6566
9991
2690
3743
789
6378
8217
2440
1296
1069
6308
988
5194
1993
4158
4392
2305
2996
2470
1120
3392
8733
7602
3971
6321
8298
1201
8320
1859
3377
9002
5597
3913
1878
2702
4719
5702
4692
9102
9200
5687
4829
5204
3468
5123
536
8558
854
4187
792
9041
6126
1500
1672
5593
2221
6107
6849
426
6549
9622
9690
3254
1882
5467
8141
7859
4996
3339
797
2228
2702
7671
7791
6250
6432
7032
6421
4639
6952
8449
2504
1769
3735
4611
5110
582
4948
467
8510
5656
1275
8375
6348
3125
4911
4721
3300
7918
5605
6971
5821
3340
7871
5589
5804
5453
7156
7986
4027
2864
6017
635
5372
7889
5637
9902
2331
2787
1894
7183
3821
5691
9999
2331
7011
5429
1041
5812
2506
5305
2755
7283
4679
802
4948
64
7670
4110
8847
1971
4831
1675
7918
4163
2110
8154
9853
2011
2393
8314
4802
918
7211
6412
5069
4443
9245
9914
4695
6338
4827
9618
1507
8367
623
139
6329
1739
6677
915
4223
6982
7386
6941
3457
4465
1682
806
5475
1070
3509
3888
1012
2184
4394
1086
1170
3588
3683
6812
680
5775
98
3322
951
9776
4746
7867
6814
5037
1385
1141
2692
1421
766
5858
1651
3671
9096
6221
8979
5263
2562
8668
7599
4132
7058
6298
9868
8581
5881
7571
6096
1238
2805
7510
8797
8306
3692
2020
376
8468
7687
6659
2864
2058
9121
1464
3987
7400
1875
5385
4773
5088
1165
9540
6025
4974
1612
642
2846
9438
7482
8874
2763
474
1865
6265
9062
5567
6778
4115
2209
1543
4571
1177
8292
969
698
9795
9042
5015
6668
4127
2903
9106
1354
1640
6060
5744
2723
3788
9100
7488
3827
388
2502
29
436
2302
684
6887
3073
9776
555
5151
9435
9916
2139
7858
9855
7944
1460
3944
6895
5064
1346
6461
7663
385
8297
6254
1936
2646
504
2064
7187
5690
8129
640
3806
7105
9862
7216
6411
8628
7152
9612
9528
2721
813
9828
9573
9219
634
5754
491
9381
3697
9323
5991
9120
6105
1715
6837
1610
2888
5132
6944
1131
454
7258
3905
5528
9571
5985
5185
1212
3962
4962
1009
858
5012
4295
194
478
7266
216
250
3436
5976
1431
7361
8201
3276
2583
3140
2097
6126
5549
6191
4180
2980
4194
5552
2448
5562
7921
654
8188
6014
2130
9229
2180
5668
6810
1387
6298
3794
7434
1860
7577
7477
7871
7075
3721
123
143
658
1645
8959
4284
9786
684
1076
6816
5831
4711
3100
3198
7425
2934
7888
24
2020
4519
4002
6363
3073
5505
974
6474
2242
4434
7486
1078
4303
4021
3416
5137
5758
6965
1538
453
6163
1364
3697
607
5693
6047
7407
323
2347
4889
5156
439
8926
699
2277
29
7156
7407
9000
2094
4084
5919
2944
7177
5823
3938
755
242
4136
66
2227
6582
6987
8515
3277
6690
4113
6697
5339
8827
2565
8225
9731
7757
5052
2822
3770
348
1124
4956
5528
5449
1035
8227
4597
6443
5255
6065
4810
8342
6357
230
804
7004
1594
4486
3597
2561
4154
9022
5938
2135
822
8460
1725
7412
2087
3143
7357
9556
2489
1466
9640
6509
8126
1474
3843
895
5532
3526
1306
8217
3514
5879
8429
448
1620
1749
8614
793
4203
5644
4182
2682
5502
1677
8898
7581
9198
5246
6299
1030
161
1615
3229
8117
7382
4450
342
6951
2009
9834
9241
2793
1621
4956
7854
6022
3221
5060
1188
130
5663
3671
1165
6124
3050
802
5154
4968
6671
3712
2239
2551
8571
7767
2029
7713
2728
2817
9461
9219
7341
8852
1796
9568
2517
6793
9406
7776
3175
7471
4137
5105
5268
8477
6590
6012
2440
1934
926
5503
4740
3440
3735
6370
2980
5704
2988
7636
8687
3155
9806
8653
5981
4990
9372
3418
2018
2417
5487
8929
2545
6573
3133
3932
404
7710
1374
2024
2653
8320
1963
8267
1154
9556
3188
6350
8509
7363
7561
5755
5827
9555
9256
1071
8625
5652
5045
732
9786
5484
4012
5249
1670
3611
5208
4539
5688
6406
9526
8206
835
5384
1013
559
2450
1848
6365
6176
9631
5400
9675
1526
5672
6175
9678
6122
4849
5345
9279
8817
7105
959
8074
7220
9667
487
5813
158
7678
5430
3185
4170
8485
7566
7275
7382
9465
1174
8245
3276
7204
8413
9266
5146
2324
2491
7588
7814
5396
8748
6659
8393
3198
7001
9496
1561
6464
6881
4168
2772
9365
7603
1491
3757
4055
9908
1753
2495
4531
6729
15
6258
5528
2405
3559
1113
7473
6723
4182
8162
209
5380
258
2696
4121
7969
4774
7348
4178
8522
8870
2519
4450
5524
1852
1025
5329
4435
963
3641
3061
2735
6443
4851
4506
7899
4385
6223
3050
5182
4968
3155
5371
9753
2635
5157
5877
7099
8391
8955
5866
7267
4989
266
8745
1439
717
3189
4733
1690
9618
7189
9193
9951
6632
9726
5756
826
3566
5638
1924
7220
5366
3420
1042
2316
775
4812
6146
5930
8623
1639
9838
2931
7649
527
9605
1640
9294
6101
173
9492
4128
125
2453
4627
2069
2321
7899
2755
3675
4626
9850
8736
8087
4492
6751
2936
7103
4779
4183
7957
7666
4020
8389
4403
5760
843
5629
1400
6418
4478
7307
2003
3899
4094
1696
1400
1445
3924
3338
3658
1757
9844
4479
1452
72
785
5276
1015
3696
3190
6195
1672
4705
3395
905
4009
5317
3101
664
5049
8315
9443
1683
9061
3360
8059
2293
4610
5243
4408
4009
6875
877
586
3662
5967
6124
4455
8524
8867
483
1110
8524
1495
5487
7945
3606
4639
9353
8023
8522
4353
9533
9774
6626
1940
327
846
8346
2409
1324
4807
4855
5959
5384
8179
5010
4675
7674
7969
1692
151
6173
6599
1513
7284
4753
4716
7136
1120
8080
24
8521
6953
1432
3514
3792
9058
2576
5439
8035
7247
1518
5796
3771
3283
7615
2655
6907
2006
5061
2576
8899
2891
8757
9483
4017
228
3066
1000
1889
2578
7326
6897
8078
4912
7510
4330
6539
7752
5292
5041
5197
1589
3188
7758
6158
3416
4307
9828
2376
8922
6075
2254
7323
6600
6215
3245
5121
324
8435
1959
2660
1782
7188
6180
3279
950
5724
3748
851
7309
1282
8131
927
9898
6386
4026
5028
3171
5819
4816
4909
8758
4850
2377
3139
7064
4216
7217
1843
6302
5669
1412
7892
2975
738
4635
8896
2426
2383
2796
5162
7251
3453
4740
4538
3836
6526
5348
3033
3211
1674
3068
7204
7960
2122
6974
7652
3459
7248
9081
1036
9534
1368
8430
5351
9190
5354
5645
2639
444
4572
620
52
4146
5907
8978
521
9016
5531
2311
6799
4815
2524
7574
9219
5913
2630
4490
9447
6354
3985
2642
9747
1518
7653
4709
1127
9425
9572
3531
8673
8003
9955
948
264
2152
5700
6645
4438
5580
1629
4180
371
1990
3498
8058
1685
6782
1379
9332
9080
3184
8722
7028
2211
5944
7359
3504
7966
6520
1757
7362
1971
6959
9449
6935
6809
7353
2646
4662
1022
8754
7098
8801
7932
2298
9851
9442
2273
2182
904
2858
5983
6248
2691
9600
8001
2585
2768
3821
5124
728
706
4241
8190
9849
401
5296
6336
8907
6669
7286
8854
6796
2693
6772
7182
2759
3810
7164
4988
9044
7317
3281
8185
4978
4307
2120
4433
2492
3720
4834
3999
3122
6394
8204
2489
8098
1488
3333
886
6027
200
1839
740
5429
8245
5492
6310
7089
2120
2048
6480
2923
7067
9624
4032
5854
9704
1776
3602
4182
6686
3358
2872
2628
2045
6385
8150
7394
9451
63
6961
6217
6723
2184
2114
5605
1147
5579
6148
5934
7517
3108
7374
1931
3808
620
8307
5501
2828
8475
5012
6284
1504
4736
8150
670
428
3938
5213
4956
2327
8958
8110
4180
2378
4956
3621
4517
8786
7898
8448
57
4473
6565
7046
8457
9062
9252
2652
5787
5409
7532
8205
2077
8000
9773
9271
5680
2135
2362
1118
4382
3919
3367
6676
2861
2892
7273
8769
1452
7629
9836
8905
872
4068
8903
6072
8588
1914
7404
2026
1117
4391
2053
1335
7773
1819
9305
4390
2473
2707
1228
8408
3639
6088
7181
8357
5064
5189
7787
2135
5603
5898
4395
6112
7834
314
8998
68
4498
8061
7373
8741
8546
2346
4675
9765
4118
8204
949
6882
9963
2092
3474
6625
4338
9360
2554
5826
2842
7854
1654
4536
7312
2399
9781
9654
9560
7660
2183
8732
4611
5006
1434
7271
1663
8850
2139
3578
5186
2146
2126
2217
25
4664
1715
9430
2643
187
9084
2710
3086
9350
4618
8411
4811
5335
2579
6919
3684
8819
7603
2798
9462
2003
1986
8564
5740
5235
8842
3830
3815
4205
1646
2664
6152
8872
4682
7740
5397
4242
796
2442
4561
2905
5439
907
2384
7062
9898
2809
4355
8732
964
2115
7172
2419
4380
7385
6852
4000
8463
8269
5720
8715
3361
4498
1020
329
1298
127
374
5545
528
9412
3037
3243
3441
8288
3807
2213
7806
1593
6163
5846
7784
9382
2086
3144
1213
6537
3495
768
211
7558
6754
5541
7832
190
6009
6930
1512
2137
2645
6704
5065
7179
8606
6370
7594
5443
3044
6113
398
1748
6030
7849
3660
1100
8929
7837
2118
7517
6061
8048
1210
7263
7505
7505
1208
8372
3365
3632
3681
21
3737
9282
275
6126
3512
577
8064
6212
3835
1809
476
384
8909
7596
4421
7539
356
5254
146
5442
2194
2137
4298
329
941
3409
9184
5406
8076
748
1354
2950
7137
4777
3961
2723
5022
6766
1626
7507
6443
9594
7832
1694
9479
6609
450
4149
4977
567
5151
8360
745
848
2498
2938
9920
4660
1932
1411
4952
5311
6440
3816
2059
292
3888
3837
6729
8508
871
4220
6480
8408
4053
5123
6789
1361
3382
5795
2022
9301
3211
6696
4802
7080
3126
4889
7927
4151
1490
7216
8060
8612
7646
611
2226
9980
513
2755
3127
228
3846
528
9569
8797
456
1337
1021
8267
9788
6070
2677
4529
9680
9770
894
2694
911
3672
1655
7786
3789
9905
534
3591
8696
2537
6035
6427
2458
2525
1330
3863
2766
391
7231
6931
9565
9278
1948
3648
2291
2097
9006
2039
6824
3748
7396
7652
8101
3048
5726
4958
4393
1313
7520
5598
5401
2222
1837
6748
6667
8325
8300
5825
6406
3540
5039
1693
1766
8747
6720
8583
2165
5256
1307
5164
2694
4287
8453
2774
5599
7159
4018
1633
9514
628
1794
6528
6496
1163
8556
1740
5508
1235
2978
4231
9020
3962
6368
8514
6498
9139
4276
933
9859
8043
3865
5593
8885
7662
8610
9504
7328
1556
3178
5413
1362
3424
2622
9879
6880
3034
503
1277
5274
3934
5416
106
6097
8332
7867
2982
9634
3570
7895
6734
9122
7652
5005
2927
4952
3855
1891
5243
2221
4933
292
9794
1646
5361
183
9119
7898
3739
9823
7026
7639
3944
3669
2245
6885
4530
6125
2125
7914
1603
4690
4943
9503
9938
1980
6503
7799
2585
1971
4616
3038
6205
5704
4056
8958
6313
2756
9223
9962
578
4870
8992
8348
7919
415
6739
9133
8160
2859
2086
1880
5340
410
7568
6763
8848
4563
6957
4100
8572
9316
3846
592
7040
6363
155
6262
3955
4554
9040
2955
2346
5619
6159
6900
511
5909
3984
6619
9164
4995
6770
5012
2436
8989
9148
3087
7737
7470
1323
9512
2724
7908
22
6601
1099
2989
4814
7233
5317
4315
1369
4405
3780
1487
1495
695
1882
7376
8539
5719
8452
3700
8829
1302
9435
5153
2932
1655
3713
7323
4592
5619
868
8044
3764
1429
3569
7366
1117
4249
8204
6881
3322
7656
6169
9625
9566
5255
6188
6933
5876
1898
5947
1474
6951
3205
1838
3388
4238
1547
4823
1928
8559
161
6237
4179
5824
9004
8954
2196
5797
1925
2136
7475
2473
1735
2117
2927
2593
608
5809
8783
2327
7315
9365
7391
6298
8304
2815
3067
8732
5260
7973
8221
8529
2150
3481
6845
6922
4933
1818
7687
8479
6821
9804
6428
8172
6091
7765
6979
3424
4968
1386
2956
2764
3298
9439
6207
4487
5435
18
6192
7890
1090
3632
5320
2149
5929
8901
5374
434
3322
827
6122
1344
3551
4017
2651
8091
5294
2472
8279
4326
6648
6707
3716
8265
3520
1466
9531
6945
2584
2066
3245
9484
3016
4504
8205
8258
6313
9894
2488
502
6481
7110
1015
1100
6685
867
257
6093
6407
326
8436
9460
5513
9854
2879
1307
8668
9567
8634
539
6957
8184
3918
638
1068
1218
3095
9798
3384
7468
1039
1710
6741
2338
6188
9258
2750
4162
9999
3346
857
7275
570
4839
8329
3289
1765
1314
5606
4953
7239
3682
7890
1632
6520
9808
4448
8328
4945
995
691
5090
4603
5995
6388
6114
1768
9193
6832
8179
534
4839
5263
1839
9276
5903
2184
7393
4323
5004
1754
259
9431
5128
467
3161
5283
4152
1391
9421
2557
87
9556
3748
4724
763
8444
435
5032
8647
5043
9741
7816
2820
5171
5328
6648
8046
2186
2423
7113
6890
527
6921
5434
891
25
4385
7178
647
2462
5595
4515
2222
8396
7029
8110
9011
1993
3482
9127
2827
1630
6055
1296
4925
7901
6869
5344
1422
920
9847
8428
8397
1211
3094
6839
8469
9965
1187
5545
8840
1701
4863
127
6525
8706
2903
3750
985
7583
487
8928
4722
7513
114
4016
312
4330
8393
2137
800
6728
5112
5782
3043
3717
9934
2856
1485
4151
9928
3341
9634
9627
255
7040
9142
2886
3308
8938
2169
3518
1512
67
4718
8785
6414
6966
8697
9815
6390
885
862
2735
8035
1273
5197
8364
1248
5055
1565
9967
2788
7554
2474
7962
5060
3689
6654
3124
9708
8563
7066
7701
4977
693
1550
1896
8787
7443
9391
3055
5442
8319
7991
1405
1686
4482
5486
9755
2632
2178
1998
4120
5848
7122
1088
6195
408
4193
1014
9309
5260
5962
1136
7650
819
7108
6209
1678
5047
463
581
6304
9509
2398
5523
6945
474
956
7178
4356
5610
2503
5955
7897
3003
750
3092
1210
6462
9997
9435
6400
2702
79
846
3973
9321
5671
3655
6015
6683
4789
6487
6665
5239
9752
6761
9371
7889
8572
3492
3959
4286
8640
1824
4964
2575
5871
288
2924
1281
3249
9042
7625
9954
3776
1093
4900
5497
2918
834
9160
3434
3493
8166
8688
319
8934
4383
306
9965
6965
9901
2115
7802
2796
7434
2919
9261
5945
2505
4783
5442
2443
599
3929
7412
6481
9389
6755
1880
2778
9057
4122
537
5411
4819
1987
2459
6564
3861
1847
2457
1597
7805
9951
9675
6879
6884
4871
7397
7198
9300
2882
417
9905
987
2741
4119
4850
1709
9993
9572
5470
9780
9105
8788
7117
8345
9177
2129
9852
5418
2394
3899
2087
2802
6750
6345
1068
5782
484
3757
253
6763
9905
599
1014
540
2794
6070
3191
997
7251
9345
2674
8858
3926
6589
9330
3704
5714
6140
3266
2240
9992
1147
6405
205
486
3795
7133
5267
2228
624
7259
872
7691
2867
1628
7501
6226
8946
519
3113
7691
4012
6106
6115
8284
6227
3487
5076
3759
9891
3658
5318
8138
2952
5691
4879
3377
8667
2751
4946
4527
3567
6400
6837
2476
6
8624
1269
2110
5391
1205
1918
7080
9732
1400
7964
4770
8135
3667
2737
9543
2778
7827
628
2587
5792
2911
1477
8718
2819
2374
388
4512
9993
4378
2657
6275
2224
5998
9614
8672
2126
2577
5043
230
5642
4108
2670
3764
9583
1991
571
4441
6832
8344
2928
7360
430
1541
4053
717
7897
916
1125
1508
8486
8322
1932
65
9710
116
9639
5058
1778
1252
9937
3708
4031
1921
3485
2465
9794
5603
7465
3927
3501
7337
7816
1353
3713
8072
7889
6391
6049
7386
4652
7947
697
342
2649
8737
8182
1298
481
1885
8319
2368
2814
9242
3277
847
2941
9904
2361
4970
6872
3598
3536
5889
8764
9087
615
1294
6155
294
3053
8387
6088
7103
3836
7791
980
9494
8936
3921
895
6081
6813
7674
3558
2681
2350
6927
2354
7294
7681
3914
4972
6156
7592
8234
1911
1334
2269
6962
5954
9214
9893
9213
6024
6366
5119
4938
4811
1682
8098
7794
6958
9813
7283
1416
6967
9014
641
7898
9640
2411
3503
920
4841
6449
9965
2225
14
6418
8472
3137
4715
2834
99
3411
2288
8152
6767
6318
1742
338
1694
7416
1515
2811
913
1751
3913
3788
9401
8560
7197
1577
5239
8237
2123
2762
1859
8685
7726
3702
5266
5547
6346
6819
8171
7549
8007
8403
7335
2318
671
668
1748
8933
6654
4173
1229
6536
253
8615
2191
7912
2658
352
8617
646
3563
8619
2351
2121
5429
9401
6972
7402
4272
7042
7757
5196
5092
6250
8391
2868
2112
2489
2781
1985
2014
3874
6376
9321
1279
5293
3981
3842
889
8558
2940
4874
9766
5093
8963
1388
400
4234
2381
453
6164
6822
1236
8494
6805
8766
6137
9764
9803
6376
2862
8465
4368
7011
41
4704
1826
6620
997
6929
923
9781
6112
9980
9539
806
3322
7577
9819
9500
9122
605
2901
3752
9718
4290
6218
5407
1391
7809
3357
3146
1125
3147
6029
7773
6424
6434
8045
1224
7616
3140
6008
5723
4545
361
2673
889
1518
144
7026
8578
867
8384
1674
642
5840
2764
3188
6514
8678
8400
8908
6099
3311
9849
8620
2551
2851
6563
6239
5878
8216
102
9276
2350
4999
1499
4810
7784
2529
7755
8154
4287
1807
9839
1430
6780
4722
8663
7647
6659
418
866
3292
6684
4905
8062
6222
3374
62
6324
1698
8113
6100
9866
8836
3011
6096
8200
8928
2132
9787
6981
9273
9900
7461
2470
9202
4887
6513
7028
69
6286
4633
2084
1401
9946
2691
4105
9454
4365
5034
2415
6016
912
2838
950
4986
1356
8105
235
7499
793
9393
8333
7843
691
8849
4727
5172
4152
851
7493
4157
1591
5509
7795
9153
4432
9980
3104
7417
6031
8465
5017
4752
9066
3558
8798
2288
7316
551
2200
4615
5712
6326
7925
2773
6616
7645
2626
9636
2985
3843
8027
6931
227
1679
8608
780
8578
4988
9664
1416
7383
6385
49
372
2955
9996
1187
4848
3262
3480
1777
6587
5959
1158
7622
6915
8398
2211
1511
6623
8010
9007
5745
9548
7116
3370
2865
3103
5297
3616
56
1336
9797
2798
7606
6157
4119
5857
2435
6117
9114
1172
809
1592
933
2715
6625
1899
1241
6041
4875
7691
1922
6686
7169
4779
3176
2399
1235
2586
4250
8550
1819
2887
3099
5833
9991
6516
7486
5530
6200
7470
8030
7859
6562
5238
161
2072
3364
3154
8452
5542
1857
2739
7314
545
2981
1457
239
1194
8648
3220
2535
7081
7938
6651
2775
2104
605
1113
4547
478
9382
2901
1972
5958
4546
2116
1832
1777
8479
4052
9716
6205
5160
5308
5949
1018
7339
2080
335
8279
5616
7335
8557
8359
9330
6935
6101
4314
6743
9648
399
1286
10
9768
4344
1427
8271
7787
8065
6243
5031
1717
1898
283
9763
7987
5957
8006
1918
4258
2141
2663
1001
9381
6824
8287
7328
1580
6997
5328
570
4286
4353
7465
7697
3699
3488
8704
6562
900
1547
4255
9995
8769
4814
6116
8647
9882
5500
4782
7603
4118
8384
2225
8995
3856
2179
6276
9997
71
7873
9030
4630
3314
8058
6572
2656
1996
6662
3854
5971
1067
2386
9110
5323
1840
3914
2936
3981
9640
4205
1174
2221
4187
8744
2221
5045
7468
7791
73
9672
2135
3612
126
5569
6569
2696
6073
5879
2491
6711
9996
7115
4228
3709
8061
6637
8717
7144
49
2800
8164
6916
131
4276
6626
8602
2321
2047
5452
9458
1213
4903
2965
4465
5875
9380
5549
523
5058
9520
3639
2176
433
1060
778
4514
2666
8774
634
3123
1221
2964
4017
7943
9662
1470
3766
6732
3104
3816
7821
6780
3358
3283
419
6179
4086
7278
7511
730
4351
8338
7749
9398
5087
8983
5499
9025
9656
7293
5035
6529
5679
9446
5376
7740
8557
6603
5832
3559
6590
8302
2729
6137
5661
8222
826
2939
4531
5297
3069
6559
1370
8991
3915
2156
2150
2224
189
141
3960
8733
4130
1389
3088
2943
6157
8077
8121
4092
9558
6721
1446
5364
8948
8800
5855
8121
4007
9632
8050
441
6351
4052
3661
6029
3906
2658
5722
2630
7851
2899
51
9800
7781
9048
1250
2377
6409
1882
4777
1996
5738
110
2032
5073
9632
1896
362
1189
9678
1530
7936
51
3238
2054
6767
6417
624
2976
6696
5098
7642
7352
2160
841
6828
2328
5598
5094
2636
9882
475
8606
4057
9093
6280
275
2746
8188
4441
4528
8166
4601
9709
2972
9532
6114
7945
9578
3924
7400
8705
7579
126
7355
8643
7665
9535
3700
9170
403
341
8605
2719
9505
4254
9709
9659
6881
46
1048
8630
237
5318
9979
4549
9926
621
567
7396
9460
2975
1442
9086
952
5771
5012
9141
9185
9029
9705
2687
6401
9289
2762
9181
6310
6227
8298
5595
4588
1635
6026
8625
3725
7303
7208
9588
5835
1636
2212
2422
5709
3744
817
350
8123
6837
8406
8091
6256
7781
3584
7184
6934
7477
1646
8401
4837
2012
4206
439
462
5495
5191
8498
4369
2033
8758
7669
7538
1700
3187
7634
6231
5317
4937
8473
3678
8887
1030
2712
5616
460
444
5548
7647
6089
764
7785
7152
9951
5600
6804
9523
8810
1229
3878
9784
9327
5209
6727
5966
1740
1390
4776
2493
8208
7507
3544
6943
8738
834
3244
5457
4079
736
3723
7978
1684
538
1890
6979
8734
1695
6870
8028
3274
1656
1088
67
8179
5000
525
7760
3100
137
7498
6247
967
6041
3725
4187
2401
328
3240
3164
2215
6561
5029
4753
9258
2732
6362
1954
4
8860
1097
8811
7652
8399
1812
1295
786
4341
6905
9608
4827
5507
5788
636
1028
6546
5415
1879
4340
3780
1577
3847
40
7511
1188
3661
8493
6186
6349
5604
2266
3617
9326
2256
2162
7043
5796
323
5535
724
1985
8048
4973
9545
9266
5197
7521
8839
896
262
7723
832
7535
3777
9555
2050
8433
6722
3236
5644
791
1778
2408
2891
8083
3460
1574
3669
7723
6336
2616
2034
2499
6756
2086
2234
4283
6197
6930
8441
1145
3547
4211
9095
6496
2992
3795
5221
3641
2312
6842
1269
7835
9700
6312
5054
1785
9146
2621
8893
1502
1486
3074
3452
3265
4025
9282
8982
7551
416
5993
8152
2744
6190
9417
4797
1762
1324
8563
1885
5636
4877
9969
9795
1150
5623
3692
4613
4093
6571
3449
9524
1762
9168
4410
9119
7904
9024
109
1881
1113
1032
3848
4201
7998
9527
5407
1815
1731
2078
6632
8984
8843
4286
1515
3247
9619
8925
9710
1382
6483
9550
936
6580
8809
6021
5906
6379
6737
7801
2635
3987
6093
8488
5950
9118
883
5884
2771
3865
8788
8937
561
9028
1685
9535
1924
1915
9566
5913
4222
7578
410
173
9369
8152
4590
5987
7026
8416
8651
3055
7250
8063
254
2496
520
7521
2262
4774
5560
5980
3803
6115
6983
8951
1758
5389
1320
1095
8385
6713
2580
8147
2963
1680
9406
2322
6114
5956
772
2140
8674
3142
9867
2354
7394
1203
5182
9217
4438
9181
3623
4225
9576
1461
430
6475
9176
8580
7866
6923
6234
9980
5538
418
2749
3725
2022
4693
8846
3819
1146
6666
1016
7930
7949
9001
9912
7248
1869
7366
8123
311
3633
6934
3855
6369
2860
6580
7920
2995
1182
6382
7219
1695
788
2432
9620
7697
4961
7585
4048
4545
5600
3283
8506
1054
5186
4643
9613
5107
2610
727
1098
767
8676
4376
5952
7543
4914
4866
6441
7699
6469
2896
9971
7719
675
6887
6138
9984
7104
523
6181
7627
9953
2554
8827
3070
2016
4236
4967
5491
4781
5386
5009
2229
77
1517
1083
5328
1732
4872
8947
1370
6340
9377
4632
196
4008
3269
4417
5148
2774
9027
6521
9353
6713
5417
9232
13
5503
9685
3929
8197
5611
1963
109
5132
6526
9747
454
8787
2824
9526
7518
6938
5942
8625
3594
2077
1877
3158
7769
9813
2749
5657
297
7659
258
3876
5541
2677
3469
9140
2493
3994
3461
5763
9661
4168
3721
5385
5873
8793
7312
1177
4504
5370
9675
3731
9565
8018
5020
1836
8599
1521
3484
1096
504
8075
3084
6702
3099
731
3367
6311
631
5226
8886
6440
6788
1196
6878
6932
1860
6094
3187
5239
1403
2621
6373
6986
9681
4475
7960
2043
3717
4923
1962
6216
3791
3141
1776
377
9286
6249
6111
4743
2351
2037
6693
1965
8837
9965
4095
7284
3462
917
4613
5349
310
2767
2305
4021
6003
2979
5946
7430
7026
3765
1506
5351
6753
9145
1558
7237
8359
8809
2361
6227
3551
158
3737
2586
1646
6564
9748
1137
3674
870
3259
7520
8938
6983
7078
4562
8693
5365
6031
6875
8196
7892
2132
1150
3254
5630
7772
1467
8787
4737
5476
4838
7526
753
1071
5748
6977
7193
7434
858
1811
33
8269
4844
3578
6978
7208
6516
7982
9875
4011
1760
2803
6902
3120
1788
8212
4072
650
1585
6201
4775
8477
8737
1950
9504
7902
1646
6758
1568
5573
1984
3196
3758
4711
7606
4522
9917
4132
7853
4815
9740
8286
4656
5645
8192
9284
9548
7364
6601
8915
7719
9988
2890
9179
7456
9538
1150
7628
2237
5147
3612
9352
5621
5915
4356
2453
3011
3746
220
6857
6729
1555
3766
3826
6514
1469
4214
7319
1362
2274
7103
3403
179
600
1344
6449
1321
2882
8630
3028
1097
4964
3496
3261
8058
1207
3706
5810
6653
1488
6343
9587
2241
8359
7332
3687
8841
2276
1393
1318
3352
1837
1866
150
1123
6702
8389
7910
6900
6639
9946
154
6884
4695
8277
3769
1043
9548
75
4130
746
7475
5105
1882
5132
3655
5062
6145
4115
4788
1042
7239
4015
2813
9064
7205
1505
9761
6742
1341
8891
954
8295
6041
7958
5421
2288
8827
9882
8852
1030
8437
1004
8534
7634
4192
4846
6403
3567
9248
3905
3826
4021
2087
9029
2472
2654
3871
5655
1829
3861
4521
3608
7336
2017
5401
4143
1300
2761
9486
5068
3913
8069
8054
502
3719
2553
865
6211
8717
3562
2244
4390
2715
9178
899
2225
8851
1435
7103
2988
5672
4467
8742
3205
6053
9324
8504
4783
1400
2432
7845
7282
8942
842
3942
3463
3967
9930
8253
7948
4887
1563
4837
9728
7600
3659
9640
7249
7186
489
5693
5593
4268
614
3875
9220
6756
4369
4976
6233
5028
4754
3143
4339
2728
2391
6376
8195
9230
8482
6693
8982
2327
7355
2300
2715
7213
4048
8417
6120
8161
3543
2072
2261
3032
1870
1978
2467
2542
3182
4666
7440
8690
6701
8233
6143
9934
1934
885
4588
579
2394
150
4528
8244
4283
2696
1286
8733
9144
2290
7533
3821
9142
8746
4457
2418
2127
6205
3503
3530
4396
5839
7620
5205
7538
2525
1303
9777
4766
5659
2556
2961
7046
1848
7368
4446
5240
9093
1640
955
7805
4964
4425
5760
2831
2632
2730
2993
4024
4610
5443
37
6957
6959
8848
5723
4382
6161
8591
2413
9306
8162
2077
5668
8639
3873
5839
5308
4118
8868
5625
5305
138
8702
3630
445
6381
4259
5419
650
5095
193
4259
351
2742
31
625
2457
5526
8562
6021
9087
1821
1390
7039
4673
656
8572
7481
7900
4470
9460
8286
3882
1233
6361
3152
7436
6192
9602
3289
5822
6272
4604
4636
5569
3570
4865
6982
9187
4783
1014
1347
9845
8928
6144
4392
5281
9474
9134
5103
994
895
2035
9606
30
3744
1862
7053
3814
7633
3445
7824
7079
5546
6652
8666
356
7481
6600
7837
3358
3126
1336
6792
3651
1922
7656
6348
533
1731
1438
7175
8673
6076
9317
1479
6688
5179
2889
6095
1479
1161
9840
5469
922
6166
2162
2255
6952
2630
1412
410
8985
8871
9217
1503
4647
848
6391
1590
4754
6377
9323
2575
3608
4338
4944
8170
8410
6320
7078
2184
9985
1496
3969
6953
9314
6473
3710
9604
7413
7660
4586
3638
5793
1241
1798
3679
4380
8506
6707
5667
943
3730
5425
8741
4824
1580
6099
5908
4738
8446
3941
2153
9572
921
586
9509
1900
8533
5390
1796
493
7628
1422
4649
4442
4658
2848
2000
7662
290
8247
7722
5198
5979
9783
1183
2634
5031
556
8984
2024
5769
4724
8388
4063
5831
8351
8271
7705
5220
8598
5731
6449
1037
3112
9071
9562
9820
2679
8064
7710
715
2026
4344
8404
1501
4003
9408
9410
5333
581
916
3768
9613
347
3088
9242
6012
9898
687
6043
545
4750
5078
7604
802
2023
7096
8530
8955
6228
1413
5136
7269
5275
3668
4097
4622
8630
7153
2256
4900
1341
41
3325
2849
7131
1949
4043
7837
7741
1004
490
1416
8363
9025
2463
1138
9044
8463
8047
1816
5922
2807
8347
1514
7343
793
2408
8158
792
5666
6108
1790
7815
5376
2181
8826
8277
1916
7909
7783
676
9800
8407
6262
4031
9392
6764
3355
5435
3638
6012
4995
709
2812
4648
7591
4879
3770
3778
761
4138
7252
3701
7944
1188
9135
7334
2374
4946
4295
5982
8831
929
4181
5226
3918
5778
6560
2824
500
137
8329
8903
3538
8086
2101
5965
2252
1238
1468
6379
1989
3661
1858
4739
1872
8685
7755
2502
561
1108
7795
4697
6583
5881
733
3462
3237
8156
6780
4583
9231
9902
7238
3951
8036
9457
8228
6723
3244
79
446
7371
5095
7043
4824
3044
1656
7487
6876
749
2705
5685
43
7895
5709
2940
7653
6671
8269
2772
3803
8664
4849
9943
4199
4354
3497
8932
8581
381
757
9014
3013
9630
5506
4220
6172
6146
1064
6641
3403
2459
1920
4780
8123
5660
6032
7842
445
5910
2149
230
5650
2654
1534
2856
263
6675
4958
9432
7747
504
1539
15
4759
9968
6841
2224
5451
9160
3559
1830
7901
6531
1560
3954
6104
8566
4292
3099
1541
7799
3854
2041
8842
9633
5846
2838
5546
58
4965
2447
9559
2692
98
9516
746
9411
9036
2256
9602
1414
7892
4744
1485
4977
7694
7824
9748
8678
5147
6537
7725
5020
8702
733
8131
2331
5380
3540
9378
5644
234
5847
8832
7
7368
9907
9099
3247
1928
9170
9791
1262
340
8765
540
8635
3607
6032
6585
569
5893
3438
3662
1934
5288
6828
4675
587
7785
4678
6219
5888
516
8285
8593
2131
7514
4922
1254
5730
4623
7321
1557
2136
2819
7665
2802
4958
5633
2299
2587
6921
3261
3371
8329
3934
7513
8717
4619
722
4081
2028
2234
965
4350
2532
6600
7618
5552
1858
5596
644
1754
8609
478
5122
1659
2378
2500
7825
5578
4140
7869
5721
2960
2639
565
3275
9163
7523
8071
3663
1087
9454
7751
7115
3524
671
8734
6427
5592
7854
2514
9556
3976
8408
4078
8358
3758
7739
1893
1744
3667
5529
2245
2155
3342
3187
9287
3203
7110
5869
5326
1232
3377
8522
5913
8529
267
2093
1583
5789
8919
8944
5024
6140
4906
5429
864
8832
6459
6161
6563
7896
7462
3775
7946
1694
800
7769
2891
8823
5920
1989
7795
9330
8813
6254
5157
1616
163
7066
2991
7232
8963
8358
7015
6805
2725
4030
3091
1231
3479
7934
9879
2575
7493
3060
9937
8314
1090
3181
6270
4447
9340
2361
2729
8090
7734
9515
9263
6394
6266
8695
1810
3999
5484
7660
1103
5743
6587
8864
9524
9074
6081
7034
6719
5392
1000
2896
256
8553
4537
4945
3079
3405
7917
4141
5227
4785
6832
5224
5723
3680
3123
324
1622
8052
8801
6729
6483
7655
2917
2736
7426
2388
748
3872
6709
9712
4557
8917
9629
5535
8503
3586
1098
2546
3015
3585
9970
8442
5755
8899
7142
2860
6605
5288
1513
1493
8396
140
9202
4609
485
8752
9530
2213
5252
7163
6619
1465
5471
9644
641
7778
3949
1684
9856
9082
9543
5358
2799
9634
4518
9559
6896
4589
3683
6529
8890
9591
5455
3413
5654
2725
4456
4676
5952
974
2565
4081
8683
480
3497
8442
1847
552
3225
9536
8491
5212
7513
1564
3938
1184
1164
5111
469
8291
2550
2456
8536
9681
4057
9170
5589
1912
6570
9730
4054
2969
4640
2984
9811
7980
389
7589
7740
7489
6270
6330
6024
8803
3615
2241
6699
4712
8367
37
5574
3696
6807
8217
778
7463
1539
3606
1199
3823
8086
2530
1522
3808
821
9484
1028
2439
8977
2846
4591
9713
541
6026
4923
7037
7750
101
4884
2134
311
9172
2255
5493
6043
5622
9431
4101
5808
4049
2280
410
4426
6793
5918
3870
3170
7224
6105
6092
5142
2929
2128
7465
6327
9760
7034
3047
7337
2526
3581
4243
8873
8886
567
8546
804
7266
2714
4277
2422
7506
1518
3966
233
5557
5745
718
8467
5763
6669
1584
9584
4053
9946
6202
4501
3045
9613
1870
6771
9395
9335
5879
5779
2573
6648
5052
1960
4108
2616
6170
8978
6273
6533
6972
5016
1050
5358
7123
4563
8826
7494
634
9426
1538
699
7914
3305
8733
6793
7303
7965
6696
484
5892
2964
7847
8423
7143
7775
2844
8051
9634
8407
1539
4975
8036
809
2227
571
1925
178
5466
636
8006
7467
2793
454
7695
873
5920
1757
7235
3695
2782
6929
2145
1757
2240
165
9378
1890
1915
856
1106
4888
5119
2918
2477
1679
4647
5229
6099
532
5590
2249
1601
8369
814
6957
396
5282
7635
5725
1894
6225
3944
5465
4940
4016
5664
4616
7471
7375
7840
2561
3307
626
2610
3248
9056
9938
7753
4466
6266
1984
7479
1036
2029
1379
9701
7156
1127
3371
9316
1832
3729
5066
1238
2429
938
3659
3603
7091
8927
6514
4656
3154
3503
9996
2988
6623
416
5918
4839
9352
370
9067
5185
4463
5439
1251
4077
4730
2070
5868
5041
8114
4433
4604
7810
1031
2532
5770
5114
1062
4674
3320
7927
9379
4479
5367
4313
2181
6371
2301
7873
1611
4450
8224
5138
3638
249
908
8279
4767
12
1322
68
9332
1425
1887
4922
9834
4073
4033
9550
717
9492
4720
5132
1910
8632
6300
2195
6205
7036
1304
8462
3284
5865
5516
5559
9106
768
9405
3503
1386
7324
7412
7143
573
8603
3590
2129
12
4128
6398
3327
2537
4852
7144
3866
8568
8202
5536
551
3216
4869
6582
6079
7618
7590
4592
9609
2092
7195
9503
803
2239
4729
6376
6803
9424
5089
7500
4409
8880
2119
7649
3433
3182
6917
9134
1919
9082
1206
5897
8409
1105
84
5745
6059
4508
9614
8353
1637
4967
2209
4149
3202
5368
4666
1935
9173
2915
5843
8191
4564
6452
3679
3534
5266
7045
5181
2500
6520
9478
945
3746
3005
8189
8129
2478
720
9755
8036
1371
6677
9681
2658
4956
6487
4738
2713
8004
9682
6909
2332
2624
3510
6887
3930
6795
7054
7815
2574
3181
3156
2635
6216
402
2435
1983
5045
1766
7233
4702
1971
4406
7725
2616
9967
2580
1114
2211
9054
5577
8009
8551
4609
387
8026
6499
1929
4933
5357
681
6016
4270
2739
2767
4674
2521
2037
9685
173
4261
5176
1324
245
2602
3403
5647
7607
9680
3869
2980
1782
3629
4944
8337
308
6601
3916
3644
3036
7055
3869
286
632
6358
4523
3632
5913
7187
2003
2369
3074
4628
2357
6226
3659
4201
559
5237
1504
4432
9055
2437
647
9870
6993
6419
7782
5506
7971
5622
1246
7248
1896
6474
7002
946
9413
956
7944
6397
1137
2669
6476
6514
5720
2908
8270
4264
3050
374
6665
577
1398
639
1557
4353
9586
6949
3037
1327
3765
1760
9772
584
1345
9253
9607
5478
624
9904
3013
9733
4903
2805
968
9619
1210
818
5283
3493
7708
6181
885
2974
5561
4439
7014
5003
2499
8201
9599
9114
5604
8712
5580
2164
8006
5423
2364
3888
7965
6704
9814
9570
3033
681
5995
1201
9449
1795
1540
296
2232
1513
3098
7847
5640
5182
1838
6102
6005
3664
6614
886
7732
9119
3544
8596
8567
9957
5339
4533
4656
22
603
4601
7818
3667
5741
9978
6170
1790
8555
3771
4844
1377
1885
960
6339
7683
6696
2214
8229
6638
1826
1871
2079
1513
5404
7923
3925
8610
9658
5763
4621
505
1632
4780
8207
6132
4587
687
4708
9510
4318
1137
8063
8044
2299
356
6138
7604
956
998
1712
5804
2093
9264
9835
3096
9497
8468
5652
6070
4177
5465
5805
2948
5928
2542
7879
4198
9533
7739
7090
5085
6025
7195
792
5211
5584
4785
6975
5986
7980
2827
1840
1498
8489
5252
3016
7753
8811
8264
9540
9001
2713
3820
1629
6867
2354
7145
4527
8643
5589
4219
7702
9368
6003
6170
2682
9696
701
6775
9484
442
6796
4702
6430
8666
3928
4514
3264
7264
8473
3586
2196
7820
1945
6013
2694
5360
2528
1152
6719
9482
3347
7578
8595
1759
3015
4336
9478
3799
6034
6859
5348
3654
9122
9218
9611
8485
2720
4857
9298
3330
241
9078
1780
6430
5491
1175
1912
6097
6431
9489
5732
4058
8709
879
6720
1188
7986
489
2442
7972
674
9520
1916
5502
5499
3060
8342
4070
5675
531
3663
900
8670
9336
2694
3622
8268
115
4649
5886
7534
504
7850
1080
5957
5627
7183
4704
9333
5598
6297
3978
1863
8366
3358
9909
5821
2952
7248
1194
8103
2797
3478
648
4579
9247
3961
4051
444
3386
7858
6972
6306
69
133
5897
9478
2660
626
5728
956
2183
9572
7919
6338
4179
6801
7107
6602
5275
7691
2744
8273
6006
8583
1523
5780
2640
284
5071
761
171
553
2445
1694
460
4416
8779
6484
3408
9348
2199
6682
2487
902
3520
3823
9483
6736
8855
2459
6346
1623
3815
6982
5290
3138
481
9195
5125
3590
6502
9425
5857
2647
8608
4482
1972
9760
2046
7698
5808
9186
8214
6348
6761
1597
9731
8154
7787
7146
7177
6018
3907
4002
2604
712
8825
986
1356
4257
8146
6681
5872
2434
6434
8865
5731
2647
7931
4705
5844
9476
455
7919
7182
1427
2487
1682
8862
228
9527
9349
3231
5543
4096
9664
6237
7750
4792
1965
7410
1683
6754
5494
7514
6158
9330
7602
9768
92
7074
4855
2552
7483
1610
4523
1268
1136
2978
7237
1012
8861
1700
4676
4704
4242
1729
9087
7663
9863
4412
7454
8296
8955
8726
7734
4461
2925
436
1210
7738
3966
2275
1859
8958
6387
4896
8371
7411
3363
3039
8767
577
6354
5062
281
2886
8162
3364
3854
7134
3491
8245
2502
2720
4617
3850
8040
7173
4260
1587
8151
7646
294
6064
1004
8742
2181
1261
5441
2313
7853
9017
3253
9879
6596
5301
582
1995
8252
9846
4994
4406
1644
792
4183
4588
9860
7786
7
5271
2443
6770
2931
8091
8309
3613
690
7421
6217
966
2528
284
1078
2558
1077
6630
6874
8968
1891
8766
9386
1961
9416
7726
5864
2929
1111
6971
4486
2240
7079
3898
3334
1496
8900
7665
8644
8764
8635
8144
1047
9974
5584
5061
5217
6027
5677
587
4781
7103
3822
8330
9921
7050
4513
1855
1041
3814
6883
6831
4519
9624
2913
6269
6086
9075
205
1974
2219
7947
3121
5344
4472
9352
5532
5718
2096
8945
1483
7352
5503
2961
4165
4129
872
4499
6466
3446
4825
8639
9270
4046
215
8196
8069
9130
3080
9432
5279
6315
8472
6794
7564
557
2827
1680
7943
5960
3012
2609
4481
1162
8778
8815
4864
9033
9280
3300
7214
8956
2637
8985
9540
2012
6240
7449
5603
1244
2337
9243
7545
7001
7304
3702
8318
6111
5463
3026
9782
6079
9851
3507
1265
7685
9379
2610
5397
2910
833
8808
4459
4010
9847
5305
2667
1689
3161
9369
7010
3446
9005
5189
7636
6154
6432
8231
8329
3475
7853
4270
9040
7601
9753
3325
1156
9619
4398
7064
6393
565
9193
6585
462
121
3594
4064
7313
1907
3491
2009
9611
5072
1155
760
5244
5872
9555
2595
8464
9674
5165
708
5256
3865
3572
6397
7347
1115
1777
5346
1654
8610
5342
9066
1409
3145
6016
5265
8830
8138
7698
2027
253
9884
4356
2516
8487
6153
3453
355
2799
1702
1487
5927
4695
1831
6385
112
6179
4880
1555
6059
9734
7841
2471
7010
9390
2505
1170
5899
5542
1937
1140
9333
739
3028
6602
5830
9441
216
1595
1713
2880
992
8624
4106
3400
4796
2265
1108
9291
1877
6639
7928
7481
9441
4768
2893
2767
7107
360
5712
5415
8658
6297
5112
2420
4357
9190
5815
4753
4507
6602
2589
4027
3883
189
8424
9591
4295
6174
1032
2352
9803
1727
8690
8615
5369
3714
3448
4190
9487
5741
6227
4933
8147
2623
9720
837
1607
7290
8595
2918
8331
4212
5501
6168
6246
2779
879
1375
9399
4234
6336
7767
6766
6747
4443
105
3305
6275
2708
9726
5605
4942
5758
391
1804
4196
6382
3412
6290
1553
9485
3405
2455
3551
953
680
4742
8577
3945
4368
5978
8255
1835
4039
7536
3767
7352
757
2181
3593
4417
1360
9569
4208
3704
7966
7371
7531
5997
8926
5260
9372
508
6327
5147
8546
7079
664
3101
3351
8567
897
6937
5339
3885
282
9167
4151
2089
8586
7508
3536
3399
3593
2046
9034
147
6437
5997
9281
3428
4289
6962
2996
6222
5113
3944
8479
2048
4356
3976
5568
4774
1311
5106
9069
5720
5593
4525
8967
1986
9136
6593
7692
4953
9143
3410
1008
7868
5933
7118
2644
651
5200
8681
2436
1094
4125
6739
9788
5307
9350
8745
2995
3582
425
768
399
3452
4894
3810
4889
5137
3028
9349
9777
4302
8497
9544
8295
525
2913
3431
4835
8176
6757
1824
2119
1790
5736
3664
6427
4911
2904
4299
30
2085
3121
3946
7748
7668
3122
5742
2339
3555
7519
9769
3112
7952
3282
7991
9287
1552
1725
5566
4701
7603
5362
539
9112
928
5900
5800
380
7109
985
9756
8842
8003
9511
8004
9873
1320
4601
9445
9082
2214
283
9183
1905
1623
7766
3780
6246
4999
3645
5379
4194
2774
9987
4567
2231
2079
5903
4136
3139
6646
3578
895
5737
3218
6757
2791
3894
8093
2848
7815
1266
5911
2187
4210
792
5410
6537
946
1654
3510
6023
918
883
8606
4415
8115
7604
3274
8152
4088
1673
8249
3970
3198
4765
8545
8268
161
9014
2020
9627
2602
646
3433
2020
2321
7921
8539
4795
5281
2690
6494
9157
671
4812
7169
5624
1596
5767
1860
9804
821
9562
9565
484
6151
5070
8156
6498
3835
958
2068
4202
1343
5091
4562
3844
3644
2957
4047
4926
8856
9640
1519
3417
3653
751
6012
674
8177
531
6024
6224
3782
7768
2489
7510
8024
175
5051
2739
6509
3871
3199
9337
9460
3470
8487
9420
9695
8612
9212
105
4473
9837
3353
44
6740
2453
4542
8367
6400
8955
5386
6807
4088
2135
8157
4300
9986
2098
9381
4123
7636
7943
3217
7316
4602
943
510
3018
9376
1132
5178
2730
3100
8389
4330
2089
8220
3099
5231
1614
8274
7109
7791
8163
8835
5429
749
5784
2920
3831
3637
2881
7262
7145
908
6122
5342
2797
3250
113
9918
8499
2442
1157
2815
8730
2457
259
2176
4472
2030
3910
5535
7318
4651
8897
7918
1495
2359
2511
3475
9551
4157
8327
6830
4801
5531
7178
3037
3855
5111
1098
4394
7444
2356
6487
2103
5992
4572
2736
1861
5050
97
5452
9563
28
9471
6982
5432
2275
6441
3289
5073
4794
374
7863
6903
7502
8475
4832
2243
2821
2020
4522
8382
2888
6053
5175
2679
4926
4814
1038
1040
6791
6780
1251
2414
4783
1222
751
4251
9061
6257
7733
1017
6956
8197
1440
9887
4700
3036
3039
6858
1000
9192
2910
6169
132
3077
8906
9187
9692
4968
1712
633
3295
9629
4437
4399
2884
3025
457
6196
3034
1271
2290
1534
7964
1570
6747
2447
7085
896
1253
6835
254
2503
9132
8029
3956
9226
9513
9242
2454
6449
4081
2909
4625
6717
2462
5405
2727
6564
7164
6698
4762
808
4262
5484
5378
5362
9343
9342
1218
3274
7113
6735
7283
2528
2661
1280
9369
3536
4679
7719
5526
8116
5354
9812
796
7361
8774
6122
6010
4439
7867
6246
9755
3017
6669
2986
5322
5831
6569
2036
502
5334
9580
7255
2347
1345
6793
1551
4998
2049
5763
4316
3908
1377
4880
7050
8800
7366
8328
7198
3192
2302
1232
6165
3774
8651
8098
8879
649
5516
5317
3
5596
8180
3417
457
3236
3759
4691
574
1524
3900
7033
9828
2522
9165
529
4571
7682
1737
8879
3079
2013
1124
4883
4638
1924
4655
7110
9669
9023
4404
6669
1294
2806
375
8866
1114
5851
9128
2756
1467
9058
2094
7703
5024
550
9966
7905
5507
2856
4475
9600
8563
3367
9979
8061
826
4598
1571
8166
4998
8618
8665
3980
6059
2753
2248
6951
2941
8800
5261
2828
3417
857
5234
337
919
2341
1903
6051
3256
6461
6705
2880
2987
1032
8253
4178
1468
5164
4326
7249
9361
7964
4767
1633
8576
6844
5997
1844
7733
1304
3716
1421
4644
8211
6731
975
7980
320
3933
8177
866
3279
227
252
4856
8722
3478
1684
8022
8587
3733
6379
5203
2961
348
3064
3618
8661
380
1318
8857
5571
1160
847
4223
6819
6699
6721
6326
7435
8974
5993
2907
3686
9296
2491
8489
6095
5013
5920
9707
208
5854
1839
7998
2120
6540
7037
904
7284
3326
2128
9208
596
2777
8093
1046
3716
6591
8765
5996
1851
6728
6420
1131
9032
2916
8870
7048
8740
5578
3134
6960
5691
1449
7146
4836
4198
9151
1458
7529
675
1886
7212
1853
1712
2903
8739
8715
9853
6621
2649
5240
4277
4048
9534
5378
5396
4232
2110
8753
6346
1585
9876
9972
1844
4287
3558
6767
5410
170
8357
3814
4458
5006
969
1971
5205
1541
2999
7362
7409
4276
5246
3366
7805
9812
4117
8231
7884
1526
6596
9123
9630
5445
9494
6491
4926
9238
57
5569
4546
1400
916
1129
4074
6408
1968
2351
5930
8477
2307
7184
3637
7753
1407
630
4810
3557
2935
9382
5379
7688
7896
1981
6000
7644
8758
9544
5890
5556
9542
3836
528
8085
1005
8931
9480
5462
4428
9288
7676
3642
6694
5534
9969
3850
7748
2784
8990
8907
1074
1761
3197
1269
3247
362
9245
1752
4483
4967
8588
4237
8960
4201
1513
2489
550
5615
3421
7121
7670
6930
5550
2808
6825
2971
9365
7583
6714
5397
7037
2087
5510
2876
8012
1133
8819
3141
7792
707
8255
4059
4017
9821
2305
2952
515
1555
6213
6606
1126
4027
5196
159
6827
4743
2751
1947
1009
3339
7837
9212
3761
9277
8697
9971
867
7990
9893
3700
5904
6313
4618
9390
5703
8849
7747
271
2009
3633
193
5466
8164
1586
9895
511
1906
8104
5741
7066
3100
5475
4310
3659
2899
3407
3888
6694
8932
1849
8151
1896
6264
6713
2871
635
2950
3825
4207
3867
9733
1783
3308
620
6036
8872
7818
535
2289
5604
5689
9119
7048
1730
1430
4368
2220
9635
2275
7839
1979
9101
88
7371
4619
7420
8792
722
5601
8629
