4786
1846
4535
3159
471
4564
3433
1899
4013
1741
2295
3960
3072
337
4215
3497
434
2436
2133
3097
3931
702
2259
4091
624
4792
386
2103
2215
169
3717
1897
3133
3218
34
3320
1726
2847
926
4317
3989
1285
1179
2336
1596
2811
128
963
915
4190
4620
2468
3290
1579
568
2641
3137
3442
1906
3340
3511
3273
1474
2680
4452
2392
494
843
3543
53
4346
4454
4123
4923
1881
116
4200
2731
2987
1427
3679
2839
3097
530
2271
3947
3510
808
4114
290
1488
836
4079
688
4797
3102
417
2582
3695
3923
3318
4431
565
3082
3019
335
16
3453
2459
712
4989
549
3024
4466
4710
3704
2383
2958
1906
2843
3161
3006
2413
122
40
964
677
23
432
2156
3819
3685
4714
84
2555
4096
1698
4928
2978
4307
3525
476
2964
3842
3716
2178
2525
3168
3422
4571
4498
2551
3382
558
680
426
2773
4780
2897
1727
2664
2100
3659
4805
14
719
289
3615
2072
3170
3270
3755
951
1942
933
2817
1427
1160
4729
4448
3411
2283
1178
516
1097
2301
3011
2964
4785
2389
3963
1411
2487
1931
4777
168
4440
4307
2984
77
767
4272
461
1057
906
358
1263
3958
2160
1019
1707
1891
4568
839
1755
2169
434
938
2836
282
2624
902
1928
477
725
3499
604
1042
2501
1004
2746
3813
3854
1520
4110
2719
3944
1919
4635
2607
2155
2122
3982
3031
2977
2419
2513
2212
4232
565
4438
1990
2211
3217
4922
1760
1260
1476
2620
4245
2502
1812
1722
743
1131
4790
2595
3233
3730
2845
190
1302
2355
2666
349
4400
2984
100
2645
2136
2703
3082
2646
131
4945
2013
3792
4157
1224
3335
1645
4837
1000
798
4931
1859
4573
3255
128
3748
2429
3167
408
3454
4246
3220
2507
3816
4217
195
1912
3627
3110
1288
3949
132
447
3535
2243
2882
134
4771
3238
3905
2191
4116
1425
4032
4156
489
774
818
3214
553
1842
4687
1671
4365
2807
1258
680
3590
381
3620
3972
912
1784
1756
3675
557
2211
3972
2903
1651
3606
2351
1763
1685
1693
3708
4405
3911
4532
2751
1544
569
1671
4750
832
1935
3153
3770
3093
3290
3753
504
558
3790
98
3766
1192
4724
3720
3758
4475
2378
2877
2677
1762
4281
195
4519
4193
3501
422
984
725
4004
567
1722
300
3462
3951
1017
1958
4943
3539
258
4919
2784
4888
4327
3857
4912
238
3900
596
3311
3939
2018
4679
2647
1342
4266
79
2106
627
3349
1310
1722
1178
3794
1844
572
2629
923
1341
1358
2572
2645
1744
1378
1696
214
3345
446
2608
3026
1117
3174
465
3216
3871
2712
1763
3037
1778
4333
3483
1334
1507
4819
1831
3700
3699
4990
2578
1191
2467
3331
1772
3763
4023
1982
2830
4949
4607
3146
4625
2246
124
2227
3038
3395
3063
3740
1943
2661
4260
3096
1080
4898
651
3080
2572
4496
3129
3984
3762
3888
3427
1268
4104
4155
2588
1075
2929
1153
4995
2429
3084
995
1713
4822
2351
4700
4186
2139
1188
2288
1154
187
3078
2888
3706
1876
2023
874
182
4980
4640
913
1761
1139
2782
1827
1088
34
2343
4036
4041
2974
2231
4392
1711
497
368
2879
953
3357
1042
2938
4735
4643
468
1521
3227
1013
2756
518
3165
2514
2791
1006
823
2290
666
3609
1402
4083
149
2853
2409
3860
3087
4412
2293
3684
4301
3468
2745
823
3077
3867
4038
4819
3495
4144
439
2021
1679
4319
3832
1200
3676
2281
2984
2703
2140
3681
3376
2628
1292
4019
4197
4057
2459
3448
2033
1451
1583
2187
2671
2872
2105
3789
1643
2223
542
4973
2312
2927
3497
1134
619
2544
4799
4802
4476
4650
4079
4458
2328
1519
2138
1190
3711
2270
3385
2
1307
414
492
681
2656
3311
2596
2434
1595
1008
4935
4704
2573
2661
3640
257
4194
3440
4192
3279
4945
3329
3518
4976
2207
1549
3357
4339
3699
1310
365
1561
3050
4001
3567
361
1631
416
3137
1263
3583
2114
2583
194
3883
4162
2135
3946
790
54
2573
348
857
4380
3369
1584
94
2424
1322
1169
860
2174
3177
1850
2703
1707
335
4104
853
1957
4274
677
1642
163
880
2556
2800
1174
1996
983
1208
3591
4087
955
4427
4568
1349
4608
3248
1024
990
3749
4710
1268
355
3894
1639
1385
2119
2940
3249
374
2712
1335
3330
2162
3855
1680
2374
3433
3134
1931
1748
2670
3451
4109
540
1779
520
805
4539
2045
2599
1883
1329
2958
3355
398
30
2978
2853
3562
2285
853
1784
3659
4035
3259
4372
3932
538
335
1916
1462
1991
1790
4042
591
4103
3255
4832
2326
682
3287
3009
1041
344
4052
3488
3442
2193
1857
3593
3428
2341
3309
970
2777
832
3845
3084
3759
452
1602
4112
2004
4918
3389
4192
4617
268
3833
2825
1829
2656
3659
1657
1521
1603
976
3514
2534
1474
1624
3919
4483
1653
1100
122
2376
1716
678
2169
1885
1726
4676
4787
2026
2524
3858
172
3298
944
4788
1824
4776
2232
4328
293
1880
641
4619
2383
3910
2254
4525
73
145
2108
1853
3392
2434
1278
1181
2166
4118
3413
244
670
1192
1797
3260
2451
1163
1301
3106
1462
184
3018
848
992
1703
2899
1193
4669
4898
3546
182
3173
4730
4109
1273
392
3800
2332
1191
4266
1990
1164
10
4903
1935
1921
593
3351
3550
1653
2363
3910
206
1768
1457
2542
406
496
4740
3836
3897
2804
2325
4643
4282
366
1959
3408
3959
2969
1618
1307
4500
902
1669
4305
1514
4047
4337
1419
3033
1746
2113
4117
4976
2603
292
2869
751
182
2698
3765
2226
2829
2339
1799
398
3363
4286
3243
2779
4541
4287
2720
918
2695
642
2670
655
2540
597
4844
1031
4770
4312
4125
516
2108
1738
333
2687
1234
4288
2501
4184
4172
948
2428
3877
3865
2453
333
2451
884
4653
1802
1001
4326
571
514
3392
3566
545
1605
4436
4037
3184
650
730
1951
5
3233
3098
2807
2600
3426
519
2095
2002
685
74
600
1004
3004
4567
1555
3399
774
1656
2224
2070
4737
658
3973
2783
3771
1958
4591
872
2994
286
2909
1279
4261
546
4906
2033
1596
4831
1702
4288
2253
2644
3430
2390
4105
1233
3376
4231
1181
922
4422
4729
4987
3062
1766
1937
1998
3989
4861
4187
1265
4412
1876
1277
3170
3573
4628
1474
1014
998
367
3984
4090
2612
4776
2188
3672
2991
3683
1448
2007
3887
1370
4810
4535
3981
3695
4974
377
3700
602
2740
2527
1385
3461
1356
4711
3719
998
2922
2094
4930
4031
521
1094
2429
36
2055
4377
4205
1337
4412
2594
266
3509
2305
2761
1703
1847
276
4556
3714
924
4083
1955
1342
3585
1798
3270
2250
2779
4321
3267
2694
580
3442
4824
4369
4775
3500
4037
1203
426
703
1022
3705
1243
1662
4124
1111
1332
1103
419
1622
2188
3560
2960
1081
3084
2022
2803
3600
4391
3750
89
4989
4357
2345
1332
2608
141
590
694
375
2747
4528
849
1973
2390
3487
3748
4273
22
2559
227
4775
2325
79
1701
4445
574
896
3197
2805
3174
2404
4397
909
4718
3481
11
5
1302
461
3937
487
728
563
4292
2399
4593
2289
2701
2502
3953
4742
206
1555
933
4777
3496
1990
4404
1486
238
4963
1835
4925
2476
1345
4732
1899
681
4674
3512
77
4198
4565
1849
331
1252
4613
1361
937
4024
1708
2118
1271
4198
798
4323
4586
739
784
639
2858
2355
4795
498
2174
498
4824
3188
4189
4408
2602
3773
301
1856
4243
4342
4992
1009
484
519
1236
4058
2046
4050
2945
1193
1370
2404
4005
3710
3946
3766
1864
4827
4965
351
2154
951
3844
2788
559
1200
181
302
1902
3623
4519
2030
3148
3492
1096
199
116
4989
4359
3507
3782
4955
576
1628
3719
786
4904
4459
615
1569
351
2149
2689
2833
1766
1330
2240
201
682
4697
109
4648
3616
1515
3324
1518
359
2939
1152
4527
2236
1849
3482
2851
954
341
2986
3624
2916
3241
4397
262
3144
1273
1986
2232
4741
4843
2533
1081
3002
3392
3150
3991
4626
2280
2013
4408
2506
2740
4639
2420
1583
2751
2377
3337
1941
3086
3856
2107
2482
4139
1635
491
586
3608
696
3930
4160
1005
322
3961
61
268
3389
3875
2812
2907
2428
1642
525
1227
2736
434
3484
3688
415
3254
4722
4212
1967
3276
4641
4997
4515
3911
2092
1109
937
2310
2505
2558
2649
4379
230
3918
1153
2850
2694
3019
2132
3373
1097
4890
1836
4929
3445
859
2812
2455
4030
3833
3305
3182
1913
258
4928
2960
3553
4182
4516
1620
4180
3992
2130
2214
930
1256
3731
2045
3264
3333
1061
3585
2542
3553
2489
1745
3964
3889
4489
3385
3237
2463
4942
282
1015
4367
595
1392
1043
4311
1083
4171
4067
4400
4029
4950
252
628
2685
4715
37
4184
4607
4972
4934
1216
2188
1790
2881
697
1578
2808
2098
1616
82
4022
423
2758
2688
4063
1872
4934
2955
3550
1127
4324
1454
4464
2984
2047
532
3518
1524
4632
4483
4562
1486
3928
3731
2174
1705
243
3632
4793
1009
266
3759
3587
4848
1121
989
1553
974
4730
3997
2138
4377
3768
1476
799
761
2582
3328
4207
3649
43
3979
1746
1022
2484
4909
2798
2812
1433
3888
3575
1379
3904
3445
1977
823
4467
2369
2320
1680
2444
1458
4224
4116
3356
710
83
129
1068
2591
1059
2360
193
914
2858
2184
4378
2213
715
1225
1548
990
3279
1506
3170
742
1959
3069
4474
4272
3654
380
3056
1485
2975
3667
645
3059
1228
2726
3699
3911
681
3611
45
1865
2307
2053
4625
4280
3465
2563
3791
2153
2964
1089
919
1849
754
3930
4397
1379
4222
1485
3471
35
3328
1436
256
2878
2582
4024
2066
4045
4806
3067
3946
3722
4813
70
891
3282
3940
3996
748
1445
3021
4405
4409
4794
515
1418
1333
657
2063
2102
2758
2972
3604
2526
1892
2190
983
13
4940
2374
4794
2111
3810
2867
4013
1333
579
992
2252
2765
4957
214
1389
4051
1082
3597
2253
1247
3327
603
3
1511
2678
2152
2018
3359
149
4081
3691
960
1222
4874
4624
2602
1131
1061
4274
4772
4965
4533
1986
4891
1449
1808
1310
293
2540
271
2833
2873
1270
2567
4681
640
3064
4922
3876
273
4048
276
16
2796
945
2143
519
712
1072
4890
3358
4529
619
2277
714
1429
1010
1138
1675
4096
2564
2956
4165
2357
438
3144
809
1082
4507
4136
60
994
1639
369
4873
3187
272
393
2269
4077
2004
898
2092
3528
2351
417
3461
80
1543
755
2742
861
1971
2950
1814
1723
2498
1229
877
391
58
4125
3407
2737
405
236
3490
2903
1007
332
687
4495
4326
4398
2488
2316
167
1200
196
238
3477
4989
4000
1132
3917
3489
4935
4448
2213
3637
3723
175
1062
3967
2186
453
672
3504
3188
4636
4483
2829
3464
1571
248
2356
3132
2710
2832
2211
977
4249
1100
1805
2883
1361
2477
1733
4135
1902
3350
3658
3646
3887
1888
3018
3934
2848
4444
73
3347
2258
1
2795
4015
2943
1690
1969
1233
1180
96
4034
4785
952
756
1990
4303
2804
3358
3512
4438
1216
3303
425
2431
1956
1113
4083
4304
2011
1067
3893
752
2571
3089
1579
320
4914
2421
2359
173
1013
1172
3109
3579
4142
3082
2291
3757
2083
4262
3656
1015
931
2571
3544
701
188
2564
1944
1778
3163
4565
1567
2898
3114
4804
185
1852
3092
3918
3782
1569
4397
144
1847
2070
982
3370
164
127
4816
1762
3749
720
2630
2694
3342
2211
2143
715
4377
1070
4708
642
3679
3731
4316
4709
342
2775
4287
2461
1163
3832
1852
3857
772
4279
617
3880
1119
3913
737
342
2903
711
990
3081
4737
3435
2901
756
2152
2858
616
4719
4998
3624
1173
3744
4063
1724
4043
1522
4962
2238
3707
3923
3605
2632
1178
3010
4250
4378
1276
4094
2323
1958
3225
3322
3720
2700
137
1042
652
577
1098
1220
3363
1137
1924
264
4600
1502
2030
4606
4942
2049
643
2311
1967
701
232
701
1017
598
2919
1810
4665
1201
812
1143
1900
4016
1658
1815
1555
1945
2259
2024
4599
2362
2132
86
3997
4998
3121
2514
1304
1356
788
1834
3498
2261
2308
3329
4785
1339
1975
4701
1213
282
2643
215
4553
1998
4386
4201
4845
4053
1940
743
3744
3028
1293
4268
3094
3913
1785
2900
937
21
4742
250
777
3285
1614
3147
2442
2808
4448
2880
4900
1039
432
857
364
2808
596
3162
3033
4238
4650
246
1203
3719
4937
3041
2976
3625
3
575
1340
650
3738
804
4428
330
3793
3828
3613
760
4858
1860
1926
2486
4563
727
2280
2653
764
1840
1740
97
3685
879
204
837
3125
3142
1238
2002
657
3657
3496
281
1823
4171
4522
2679
1491
2437
1446
1799
1605
1908
3427
3038
3927
1678
2663
3696
779
680
1431
1379
3897
1813
1066
2794
4752
4681
385
3840
1612
457
4988
1141
2889
3067
861
558
2506
65
1162
4154
3045
4713
4357
3600
2450
614
511
3495
1717
452
863
2291
3956
4534
506
3481
4902
2041
98
254
4570
3633
3267
2615
97
2818
4253
4166
503
3161
3803
1994
4142
1145
1940
2571
3056
4313
589
162
3365
3744
4285
2890
4534
881
72
4975
2734
2866
3412
3277
3019
4798
1554
3206
1555
2607
77
3126
4501
4891
2511
394
1689
1409
2393
1892
4699
944
3645
4508
247
4313
4188
3561
2386
3899
4179
400
1296
4707
2379
3418
289
4986
2595
4530
2776
2226
563
1469
3804
1552
2254
2786
2527
2298
2187
903
3813
3871
4938
1725
4703
555
2664
3718
1190
3225
3181
302
1999
2342
402
1993
3215
3860
3031
605
3319
4393
3255
4382
4392
3492
1330
1176
2597
2283
3245
1132
2285
345
18
4670
476
628
3887
1152
2020
766
1350
1514
3973
470
4104
2782
534
4427
4018
674
4305
2818
739
4216
1029
2350
185
1483
1515
3473
709
732
1935
4481
3542
2272
2394
4388
1786
3043
2437
2466
2126
4655
624
2874
351
4038
781
1144
4024
3884
2444
146
3180
4885
4503
889
3978
1272
4875
2447
1959
4656
3925
4371
166
2594
3399
3669
3113
1394
2884
3035
2413
2692
1518
4562
3401
4640
1928
1642
2079
876
4738
77
3506
2105
213
3221
4368
4712
3255
1065
1897
4458
1943
2684
2517
3425
3456
3806
2258
2763
2200
145
644
4717
2588
4105
252
3684
699
1542
1142
247
1182
2936
982
3954
3570
4835
2128
935
4593
3212
1924
2752
1309
2040
1407
3323
1100
840
4989
2498
294
824
4621
1542
4606
4586
4052
2374
4320
4379
1397
4926
4064
3298
443
3960
20
2788
417
1558
1252
2493
3419
3519
1240
3530
388
3472
2246
3572
4105
770
1482
3089
631
694
3587
843
4312
3213
4521
4248
3685
3855
636
1196
838
2113
1040
1623
1299
2464
1394
1874
2165
4266
444
327
2041
341
1540
3444
837
2260
3947
2987
3987
4859
2252
959
1441
4216
2807
4423
7
2481
938
3574
896
2510
3131
1202
3349
1773
4679
4142
3874
2981
1698
1667
328
3414
505
4076
3804
798
3242
1684
2984
4265
769
4528
3191
4867
4563
4681
4025
1208
2847
2849
1103
2600
1138
3066
2938
4591
1938
2992
4626
3625
1197
1685
2229
932
2988
3196
48
2776
1695
1415
1614
1482
2525
729
2226
4862
3953
1653
2776
4800
225
3405
446
2095
3516
3942
929
4095
4724
1667
3085
693
2103
3754
4703
1345
420
3607
3855
556
4893
455
3417
1634
3753
703
3127
2265
4172
3351
1617
523
4089
371
2931
1912
3763
4213
4034
4478
246
1835
4121
3457
1672
4842
969
3720
3272
3025
470
3239
3462
1197
3271
3675
1341
1209
2891
1341
3021
4877
1489
2231
4397
3831
4603
2190
3719
176
3767
4754
1594
3167
1296
1288
2052
2283
856
1600
66
2266
288
1575
4345
773
3897
3250
3319
2273
1928
752
4979
4918
4403
1853
4188
3897
1253
1825
3134
2826
2031
2691
1311
4331
2552
2409
3679
2894
2415
3604
1802
4564
2959
4034
1605
2709
4008
564
3466
2519
2858
3995
361
2259
436
696
3650
2293
3414
4058
3375
2756
2394
1275
262
1592
1534
3863
4590
901
3676
1334
2422
4160
4694
28
1946
3866
2188
3243
1441
4857
3717
4343
1275
2454
3351
1101
393
4324
4222
1612
3900
3127
406
3027
3938
4152
1489
656
23
1296
2784
3733
122
4831
2933
3076
3645
3904
1931
3406
2122
1194
3884
1475
3265
329
501
3659
283
3494
3907
1335
4000
3500
1372
3973
4443
274
4264
921
1798
1930
3410
665
1250
642
3691
339
2420
2274
1877
3243
3289
2705
1188
480
2347
674
1632
1124
60
609
1703
3898
4504
2897
4878
4495
4819
4807
4224
2584
1139
2635
2614
3556
3788
2144
4753
3401
4541
1737
259
249
4272
4891
1499
1436
1356
4964
3145
4292
702
2346
2032
1293
4316
3463
4539
1258
935
4569
1368
2406
1927
366
1457
3295
4084
186
3396
2469
105
1780
3361
3982
1369
316
608
552
459
2972
2613
3520
827
4639
3175
2363
1416
3135
3761
3176
2644
2467
2281
3676
2867
800
3113
3650
4481
1586
4747
4147
879
540
1435
4551
2873
4726
3834
3646
1603
1645
2658
2779
627
2745
4054
888
4677
4293
2933
3538
2452
2834
256
909
4699
4938
4106
416
4147
91
2631
2602
2520
4037
3093
2406
4821
982
446
1500
4206
1907
4974
1522
3147
1713
3495
2073
3244
3520
1250
3667
2136
4662
2103
2588
1764
607
3456
2084
1992
3612
2646
2716
4425
2875
194
13
2019
4249
2681
650
2164
3672
2357
2984
913
4935
2175
1609
3076
2718
2803
1992
3240
1922
1444
2573
956
2437
3723
1805
4015
2833
2961
2184
3920
4944
3582
3416
3282
3112
745
1875
4738
107
4019
247
4743
728
1463
3336
602
4207
3519
2056
2314
273
4004
3361
4332
4452
2077
700
2244
1820
1951
1983
4373
2726
3199
4621
48
2251
3563
187
4081
2452
2729
4870
4758
2517
2762
4469
4101
4654
3347
1893
1921
3038
15
1078
994
489
3405
408
3182
237
4075
2494
4072
2408
4811
3480
3154
3785
1143
2006
2743
4362
2560
3559
3989
2991
3557
1913
4573
1339
3049
4283
1704
2872
3518
2648
2451
1816
264
2086
509
4097
3969
1694
3305
111
799
1494
2359
2094
317
3237
264
2933
4879
2577
2164
3472
1552
4086
1415
1618
287
1610
403
4511
935
233
56
1114
4398
1922
1883
2510
2606
4025
4510
2115
4531
4426
1243
800
3397
3229
3228
2167
886
4195
1079
1123
4039
3727
2673
307
3152
4118
4472
3962
1326
4043
394
2568
4384
318
229
929
3882
185
4273
3932
96
4546
4219
194
4541
759
4498
4144
2595
2871
3724
346
4769
3613
1278
1179
555
3311
2763
2229
1746
4275
3347
79
2827
3113
2349
4021
3425
3393
1135
2062
1477
1644
2957
4808
187
427
4278
1307
1430
2522
2766
3923
3214
2826
1947
2178
4233
2250
764
2414
1120
771
1262
1148
1605
1186
2370
3968
116
362
4116
4644
4171
2557
2684
2349
1235
2455
4659
4044
2430
4423
3706
2590
2083
4582
775
2970
1448
1887
4075
1070
3083
4954
1385
267
417
4239
4946
1809
3691
4094
2783
1104
3516
2837
609
4150
1047
4814
1
825
3473
3595
4509
3869
755
4282
3676
2459
1824
4212
3123
174
3583
3229
1732
4968
4249
214
943
3370
617
1096
82
590
2396
4719
2876
4235
702
63
2276
4665
1453
2078
2443
2222
2725
4524
181
524
538
19
898
2757
3487
3912
884
2266
3700
3370
256
4180
861
803
3629
919
245
816
4668
2259
3114
1676
873
793
2557
3819
4712
3693
4244
4202
2604
2193
1661
3544
308
1081
3090
973
2119
250
1982
666
4594
3662
1970
2859
1073
4409
3833
424
18
2316
372
3224
4741
453
4014
702
3954
2747
2559
3307
2720
4673
2967
4260
2196
1889
1149
115
4182
1476
3751
3648
1032
2665
384
3164
1403
942
2615
867
4880
3258
4026
3651
1050
4874
2593
3178
807
4951
56
3079
1342
4031
3326
1877
602
2695
4405
2197
237
2066
4979
2189
1311
224
3927
4992
2369
1950
4300
3601
2657
4722
2892
1560
4208
778
356
2145
1438
4186
3132
3118
3141
4296
1756
2906
3519
3063
2295
3167
3342
670
3322
84
2114
4097
1723
3797
3100
3519
295
3646
456
2150
3342
349
215
4038
1759
1359
4957
1324
483
2148
2137
1614
691
2485
434
1983
4905
2706
2638
1925
1277
1536
1435
2835
2232
3725
3290
683
4139
1432
3190
1309
2174
1167
2955
3696
2263
325
1189
4619
2625
1164
267
1304
3642
2321
4235
2389
4173
4936
1050
4872
4362
1117
1859
4492
3994
882
2913
1735
1394
4427
3796
1258
4645
376
2795
1089
2489
4893
1940
911
817
299
4318
4354
1037
4349
4454
1345
4817
4374
3026
1336
1900
81
2183
2737
1584
3992
504
2396
2899
2221
2179
2727
3051
98
3871
2465
1492
2407
3967
490
2796
1950
853
890
1037
87
4146
4314
289
1643
944
4524
3315
3678
3834
1811
1597
4283
433
3224
1800
3660
3150
3462
2600
4680
3801
3399
2739
4933
525
2652
1296
2857
1886
3049
895
962
3139
783
3184
517
3718
4909
4165
1195
774
3261
4908
4687
3827
4497
2616
2374
4647
1451
3749
4030
4885
402
1734
4457
4719
2112
265
2660
3375
3743
1853
95
1994
3331
360
3318
3428
1315
3196
4028
1105
3662
2863
2284
3032
3827
3633
307
1755
4961
1618
4049
3968
3872
3240
953
1061
3606
1587
959
97
2381
1607
1013
2649
4455
3029
4639
3072
2059
2584
3787
4145
2586
3733
1365
2172
441
3653
4857
3201
2505
653
1989
4320
717
4202
79
1291
2806
2520
4621
217
2135
2989
1007
4118
4616
3366
3131
724
1354
1744
2253
1318
4690
968
4235
192
228
211
730
2154
341
3152
2745
3775
3086
2370
1734
3838
2592
125
3211
1310
1912
1609
3272
108
324
126
2688
4720
2343
2456
4321
2695
2692
585
1430
675
2337
750
906
964
477
1000
4296
4348
3752
4982
3769
2231
2429
1202
3735
2212
47
3580
4608
2508
1359
1287
4538
2247
750
653
393
297
9
2419
140
4906
4159
2103
69
3225
3834
1577
2897
901
1739
3983
1681
1920
24
2841
828
512
1819
1823
4538
396
2382
138
4477
4765
4334
4209
1203
3902
4310
3548
4478
3404
3115
4234
2672
2626
2702
3525
3836
3927
1252
64
1396
502
2533
3713
362
664
912
501
1766
2898
4425
3080
1324
3747
4177
1845
4173
1554
535
4367
2817
2739
1287
421
1146
2094
2791
1523
2818
2936
447
2913
1478
1376
677
1318
1451
3157
252
3339
1999
910
3715
1330
1648
3868
4557
2910
2440
4367
317
1047
531
2852
1351
4147
1857
547
4920
3704
4900
3999
4954
1597
4721
2724
459
3750
1870
3832
1411
3175
239
3285
2713
3357
2853
1505
3053
558
2834
4327
87
817
3474
2165
1311
1201
2320
4999
1682
3093
4748
3378
4012
1416
4784
2229
1601
4603
678
2057
1499
1972
4667
2845
3401
114
4912
2557
2312
4414
729
953
1104
2053
2255
1322
90
2251
3586
3783
2245
4333
2262
4045
2192
2393
1117
4199
1235
4170
77
4370
3285
1223
1044
4709
1973
3132
81
1937
4728
86
378
540
956
2620
1355
538
3167
77
3523
661
2103
2276
3268
4431
4193
2106
3196
375
2317
4497
3156
2613
1136
3145
476
2648
2019
2014
1714
799
1788
3697
4697
2131
3398
4925
413
3562
382
2414
1497
4062
1660
1429
140
4639
1343
361
1082
2960
3067
4392
1749
3837
1673
3185
3441
4489
3537
3310
3104
892
1950
2469
4158
134
1887
953
2779
3431
639
3889
882
3139
3898
4616
4280
2647
2309
584
3040
632
1336
2227
4010
3921
4979
1836
2513
541
1102
1191
64
2034
3558
4776
3166
3213
2942
3375
4569
4422
3438
3993
3580
4183
1950
3901
3706
2497
3173
4369
4984
1930
3039
4804
3382
299
1145
1332
3949
3379
1231
869
1122
215
2003
4315
4001
4677
502
3267
1060
3340
4460
4268
1539
4694
3564
3598
2101
3755
3964
1072
3991
79
2622
279
379
1959
52
1195
2667
3474
4038
3845
421
4770
2124
2878
427
4263
4134
690
3989
4082
324
3657
1514
396
214
969
3599
366
2301
1532
704
4628
1673
3312
821
821
2835
264
1180
2015
125
4900
2525
2864
4495
648
295
545
1120
450
43
2920
4395
2644
1920
387
3666
3802
2101
3978
3281
4444
3344
4688
261
3785
1644
1810
159
2449
3560
3581
27
3462
338
3852
2993
2438
3222
2126
2123
3962
1966
125
4984
4512
4383
1633
4427
1454
173
1087
2776
3698
17
361
2213
1837
3249
1594
1849
4942
4183
3236
3999
1257
784
3432
237
609
485
1067
341
4278
3399
99
2888
4415
1449
1809
1599
4468
1301
4956
4224
3369
2569
40
4088
671
2325
819
4532
2646
1353
2405
4787
950
3198
1982
654
344
918
3946
404
1439
593
1339
474
1960
618
3195
1097
2480
310
3990
1386
1856
4211
1082
1869
1657
4992
718
4080
4213
343
1823
272
531
3970
2551
1480
3394
3758
2714
757
4179
2588
3395
4926
3457
2600
862
4374
786
3117
1596
1921
1913
736
1606
2399
815
4771
3541
4360
312
4200
1290
1700
490
4880
3201
2630
1767
2423
980
1251
2413
2674
1900
4592
4750
511
2141
2808
4046
3876
4061
176
3727
3344
4851
182
1811
3450
2177
3250
1075
4414
3724
311
232
4169
3667
3752
4766
3973
4629
1910
1772
1212
293
4575
2695
1127
3569
2456
2140
4438
580
2285
217
3347
4816
2718
1934
881
4787
423
4153
3823
1576
2737
1160
3538
911
1363
3195
2291
2221
4696
3171
4691
4882
1376
3174
1457
3114
259
177
183
3534
1373
3529
1122
4847
964
4523
1003
942
2171
1206
4854
2947
3979
1440
3183
2391
1462
1437
939
3596
4792
3143
3311
4803
843
2183
648
738
4934
862
4070
2149
1887
2055
2067
333
3193
2383
3361
822
2543
4437
4598
1515
671
3045
1247
4872
2403
2913
1854
3192
4959
2151
3473
118
3240
4832
2699
232
3652
3910
990
3370
897
3000
2689
3064
3478
2408
3962
4342
3268
4943
4150
1359
1359
1336
4760
4375
2815
3542
757
2047
4438
720
1701
4869
3889
4179
4783
4406
4370
4255
4533
929
472
4576
2175
2272
1902
590
2452
3606
807
204
4284
1407
4799
2306
1559
3479
1256
4284
341
929
2982
3455
4579
1863
621
3108
1390
3131
3649
2365
2049
3631
4705
3440
4311
1021
382
1655
267
4587
3597
2250
4805
943
514
4502
1338
4878
2959
26
3510
3439
3905
4351
2958
4479
1606
2905
3199
1389
2089
2892
4550
3114
173
1161
4414
4887
995
3574
2065
981
2742
1064
3857
4805
3028
4059
637
2783
3231
1079
2695
314
3820
3664
3912
3901
382
2675
1472
3425
3576
1755
2644
3437
3439
3274
4191
3910
1260
3276
4674
1934
3210
2849
2482
1646
3576
1380
2222
1797
2514
2799
2213
686
326
1797
386
4073
2625
2733
1081
1570
3087
862
4769
3532
18
1075
4264
1981
3628
381
877
2361
3432
3954
1805
1757
1130
3796
1097
163
4732
3196
2443
2486
2930
622
912
2456
2880
4506
141
1627
991
1348
4880
674
2208
6
3920
923
2822
4830
116
92
3749
3002
1624
1337
2591
4328
648
4335
683
1930
556
2491
2939
34
3983
4968
302
271
4443
759
526
3958
488
4493
1489
3148
2977
309
3889
280
3916
3769
1142
1961
3228
3711
377
1688
2958
1421
933
4390
4746
4142
866
4591
3783
2006
3811
1256
4332
1513
4445
3919
3263
2662
3599
2987
4753
1511
2573
3119
2341
2385
3648
144
1543
1101
442
4409
437
2119
3559
4870
2359
3033
3959
1593
1529
3592
4525
469
2046
1925
3438
1781
140
1731
2984
4075
295
4326
3090
3437
2096
2919
4106
3390
2014
3582
4994
4437
829
4799
2052
219
3156
851
2211
764
2150
4909
3408
1288
3068
1139
2525
2323
2733
4521
1051
849
4996
70
4164
1340
446
2660
31
2522
3542
1039
4078
834
2499
2467
2941
2909
2697
3245
1748
3947
2575
4259
2830
2809
2216
3509
4681
606
2568
2240
920
1679
2557
851
1940
1290
4045
2169
2778
731
740
1770
973
4894
810
2070
1339
4683
2252
2040
1180
2444
221
4308
4505
678
4738
3910
1267
4558
3261
4690
4721
4674
2190
1202
3747
1839
2845
2332
4307
3800
709
2212
2737
3947
3698
459
61
2582
2355
3454
119
989
4385
2087
3140
2472
3151
4719
1477
3234
4382
2742
4650
950
4537
1363
1149
2111
1260
447
2982
315
1053
4662
2579
758
2158
967
2473
3455
803
3403
4389
1328
2438
4355
1518
4750
1850
3401
3401
2507
883
4021
1479
4141
1862
2152
2219
2908
4360
3965
4522
4080
3777
3487
2389
4222
4221
3372
1006
1118
1213
3405
3932
1028
4666
4034
3533
1528
1542
3800
2790
3334
2191
1060
4988
1028
1853
217
3902
3231
4029
1222
1209
3401
1053
3467
2732
4061
4237
2251
1507
1136
1906
632
10
3752
1369
1016
4602
4055
3841
754
934
2568
1212
4449
583
4846
3418
2471
3499
3794
4760
4417
2066
138
3477
4369
3282
2628
2732
880
2325
4937
2377
457
3526
3360
876
1108
1291
392
756
4480
3273
4878
2132
4495
3720
1199
4230
2486
3650
4164
1419
3689
2242
4494
3832
2978
967
1927
1312
3771
4001
4307
3367
3120
2192
1813
479
3898
3610
2675
3208
2788
4496
2134
3123
2578
2208
3156
2654
1479
3958
3682
739
2364
2157
4478
3403
4445
2945
2395
452
1181
1863
4497
4978
2982
4263
4173
851
2815
2471
1094
421
4456
2659
2939
1196
456
379
3903
3849
2607
1836
2327
2761
87
669
2896
836
2358
619
3279
4842
1706
1866
4610
2011
81
3927
4474
758
3227
1016
877
3483
4562
3819
76
1511
705
3186
3544
2877
2903
1646
2008
71
3254
2557
2517
895
1684
726
382
3860
4986
4514
4958
3559
281
2407
4031
4809
2340
908
4913
2985
1243
1838
686
3870
3812
4090
54
2607
823
2210
2564
3374
2302
1795
3698
856
2172
3575
3568
3196
3547
1165
622
3042
4114
3503
4298
420
4383
2269
1382
4615
4662
58
728
4539
2839
3835
345
1341
548
492
4277
3869
3049
3531
1590
406
2646
426
572
4707
1036
199
1696
2661
4081
2490
4476
3465
2849
3480
4757
3743
1415
3623
1106
1306
1334
1833
3061
3897
501
3596
1113
2862
976
2864
619
3865
4300
2832
4861
2274
2544
2627
249
3563
1251
1985
4777
4423
4129
4021
2881
3222
2080
2748
2807
3103
2629
790
4380
3956
1704
4742
2791
153
4510
102
2207
826
2953
3578
2978
3638
753
1721
4596
2660
1121
2956
3718
4492
31
4078
2650
1731
4021
4459
1814
961
4450
3821
1441
3128
3050
4351
2967
72
472
3267
1364
3944
1380
421
3505
4976
4212
794
2323
1730
1694
914
49
2952
2732
1105
1545
1582
2514
4337
819
58
1430
1547
163
2260
3966
2894
1249
1642
3971
4331
4690
4913
3827
3315
4090
3249
2343
2660
4248
2166
3858
4116
2942
692
2642
74
2355
2973
612
2993
1571
2366
309
3919
485
443
3795
3446
1920
2884
2316
1667
3237
303
4915
1872
3085
1343
592
1424
3566
3410
1454
339
3250
1125
4095
955
2359
4029
1385
4678
386
1916
1486
11
4180
2734
4987
4524
4234
4343
465
3447
3814
2054
3882
2010
4236
4637
2015
395
2572
4012
2448
72
3302
4511
3043
848
4517
3867
2228
2734
1880
2604
1479
1779
1808
309
4190
3001
1297
3621
3459
197
1458
4935
3455
2578
1978
2803
2103
335
522
4522
3470
4567
2696
804
1099
3187
747
1550
1396
3951
68
720
4769
2333
1750
1210
546
4293
285
3891
3493
2716
2629
1843
1472
4781
878
2868
3205
4162
2865
302
438
1432
4288
1399
1015
3960
3334
4388
81
3136
3974
4384
4433
3873
3095
580
1790
4161
1022
4150
1525
185
1430
1363
1022
2497
545
1087
2141
3761
3858
615
3819
3212
1962
3397
156
2276
4649
4741
4577
2896
3530
4255
1248
4012
3521
2484
1260
3598
3730
4681
1072
521
3944
3424
2532
1155
1664
2557
957
3004
56
1204
1383
2281
3877
1
3216
2146
4561
1386
2981
4116
2512
4335
1965
1287
4612
4594
266
4010
3674
974
2651
3927
2423
3250
338
341
3643
1788
2925
1464
2984
1501
1807
3062
741
1007
476
791
3030
1362
3548
2444
3867
425
4017
873
2157
1664
1259
378
2531
442
3647
2340
2949
4828
1718
1174
2133
1221
1709
1040
1404
2993
4847
1200
3425
3184
594
4114
3535
1363
4276
36
4437
3145
443
4382
2779
241
3440
2370
2290
917
740
230
610
4755
409
3111
1571
860
4991
556
3166
1275
323
4878
994
4923
1442
1554
278
2754
3875
1804
1908
2806
855
1705
207
334
1148
1078
4266
3275
659
2983
4601
4511
3855
1553
904
2075
711
1988
836
708
1008
3798
2399
4746
1790
337
4011
4493
493
3131
1799
4762
3704
4124
2809
1701
393
1076
4532
3402
2459
367
47
1106
4041
4805
1391
4307
1412
1047
2594
35
2049
4564
313
4501
2406
4669
4531
3846
3042
4683
3995
4535
3803
3943
2979
3235
3097
4279
1511
1062
2859
395
1665
979
3665
770
294
1006
2207
3208
4560
1332
875
2685
1457
4807
92
112
3000
4545
4203
4413
48
4716
4780
4063
2592
4829
4841
4631
1060
4668
3247
2455
3114
4746
3322
2268
3418
744
1381
4253
4455
4802
1215
3658
2461
1212
3286
159
4249
164
368
2112
3889
1032
2605
586
1317
2412
1429
3373
2637
675
1952
55
3188
2413
4299
1099
2758
2913
678
177
4532
2603
3055
3111
4165
3769
4258
3949
2814
4488
2548
3620
4247
1055
810
2602
1653
4604
1489
3921
758
1863
1885
4374
1680
4299
4089
468
2490
3906
3024
19
4711
2300
2091
3963
4544
261
1465
4458
1887
4137
1130
2257
4386
1204
4882
2965
794
876
1076
4307
2710
1984
2491
3866
1863
1406
4606
456
1004
1787
3016
4863
3279
1075
1320
86
72
3373
2585
2543
4298
3484
87
1382
1145
2764
4506
3099
1564
2003
1223
2768
2284
3168
2002
225
2299
4769
4692
2869
4531
2375
742
4999
3502
4465
1938
1729
294
4494
1752
3233
1030
3065
4757
4791
2788
505
4865
4656
1770
1994
3027
625
1838
3023
3733
904
4214
3785
2036
586
120
2500
872
1018
3184
1143
4967
1520
2642
3380
1459
2171
3439
2896
3199
3694
4701
1824
3011
2003
2690
1812
3110
2903
3098
3440
4366
2863
3425
3359
1671
3079
4259
2269
4027
3027
2886
331
2516
4118
1306
4965
3377
70
1889
179
3265
3855
494
2144
4547
833
234
4263
1716
3261
202
3167
926
530
4236
2646
3378
3978
972
3750
3505
4345
981
1032
1724
8
2373
4475
1776
1821
716
4838
3656
2406
1119
1926
3487
1824
489
1323
3233
2137
2119
3663
2363
3079
247
4831
4715
3731
1111
1591
3005
521
4095
4235
4910
2182
1787
2393
1246
1988
2750
657
4190
2293
3211
350
3945
3186
3132
2614
50
2538
787
3921
4885
4374
1680
3221
4642
1300
637
4719
83
2474
1301
626
459
1582
3616
4720
3007
4634
2363
1933
1030
230
1128
4495
4992
489
1476
341
2247
3868
906
610
2801
164
3360
1577
2299
2509
1818
1408
4084
2104
4500
2842
3777
4922
4707
1961
3925
2557
4603
4141
3400
4893
1059
3122
2209
4233
4257
3833
3224
1652
1048
1479
3334
650
3663
2679
3606
4758
2705
2882
2766
4578
4885
1412
424
975
453
3365
4193
644
4478
2906
2824
4880
2880
707
4974
2682
121
1754
3570
1424
1658
4532
2093
2122
2311
1506
4414
3293
4504
3735
4692
4220
909
528
4877
4173
493
4066
2489
3137
2683
4468
3506
696
3132
1228
3977
1617
2311
761
1283
4867
1917
2505
1251
3666
2566
2854
4334
1218
3840
2906
1426
307
2330
4654
1461
1401
2900
160
4050
4774
1019
502
394
1426
3430
2319
1586
1821
2078
572
4285
514
2936
816
2253
1149
465
1430
282
513
3354
1777
4716
2626
4005
1931
4106
2814
609
2630
2606
357
761
2002
4746
1983
3951
1631
3441
3567
1973
3238
4329
3946
3758
676
836
1525
2296
418
1379
512
962
451
1878
1730
3906
916
2516
625
590
4866
3922
123
2652
2288
112
4376
2716
2174
4869
725
977
4969
444
4818
2302
2166
1048
2487
2145
4719
830
1935
971
4827
4672
1384
1006
2414
2076
4832
3133
3804
4232
468
1450
1084
3181
3540
3816
2434
443
1918
3612
3309
3810
2545
3357
470
3277
365
2891
1181
2670
4217
2925
202
1464
4218
3577
913
2991
1343
1277
3674
3859
4443
60
38
747
3434
4842
2792
3217
2266
51
1604
3984
4060
12
3327
4608
2305
4901
1374
2250
3421
3064
411
3382
1224
3778
2827
4845
3446
2145
2510
2057
4116
4842
1730
1267
3588
799
4464
4431
3217
2118
3086
3545
3721
2225
1524
2387
2781
3261
2129
2787
3888
414
3941
3230
2347
4277
1708
3265
4879
3101
2787
3902
3986
3605
1452
610
1805
2571
1352
2300
3771
1549
1145
4554
856
1101
3476
1393
3031
2743
3963
2104
484
618
886
2341
2338
4326
1350
4959
1647
4161
4422
840
765
245
2835
608
4479
2245
776
4588
3593
4300
3387
729
3033
780
3658
260
4490
1628
4953
2182
2736
2427
1781
1910
3638
4566
1080
2639
334
765
3564
4601
2783
3396
2392
3466
239
2644
2516
2262
3463
1143
757
3291
400
4494
3021
3318
2147
4150
1298
1302
4403
2215
3861
688
2324
4362
1603
324
47
1947
3024
2997
4293
418
1351
119
866
4072
3837
264
220
2191
3722
2179
532
4030
4795
2348
2686
3798
1663
4211
26
4622
3469
4365
759
669
3983
3010
3415
3450
1577
4477
1946
3945
335
2623
4665
2347
1744
2149
330
4608
4911
1184
1812
2851
2423
1541
3295
2894
664
3115
1414
1538
189
4820
2152
833
3733
3671
876
3379
1566
4240
2185
2502
24
4276
1669
2010
4656
479
3935
1404
1127
2696
1758
3730
3221
2470
1457
45
2527
3811
3505
1547
1584
4517
4247
115
1868
2594
399
4527
504
1502
1737
2288
3503
2022
2092
1201
491
1246
3719
1120
2902
1324
4815
3070
3816
3528
3357
4051
2524
62
1939
3738
1450
4224
1071
4465
3047
4
856
2859
3402
1618
2329
2860
4413
463
1190
384
4785
3044
2505
2668
1216
2828
1147
427
484
3892
3465
3513
4
2409
4038
3369
1852
4030
169
1360
2543
4523
3416
1330
2918
1488
1119
2502
4764
1329
1309
3819
493
2965
3806
1719
1973
1073
2711
1644
1803
3041
813
4186
2171
1740
3510
2733
2802
625
1909
4899
3280
1732
4489
2242
3140
2059
1422
3671
183
3571
1243
4221
4982
3044
4136
1227
3000
2415
3539
4291
1568
238
4477
4212
2657
511
2574
4818
335
2335
1885
1025
2651
3036
2678
3920
334
3427
1246
3953
3738
3400
3730
4135
4712
2872
3575
1198
1361
2344
4625
4403
823
179
214
4266
2457
3485
4744
1282
1097
3214
1815
4103
2686
2942
4376
1032
1515
4260
4100
3439
4323
4517
3049
2254
3885
982
3021
3680
1983
4677
4420
3406
4715
2424
2447
4455
1372
245
1899
2994
4759
738
1234
2844
3182
1978
490
2024
4494
1493
3489
2898
4508
4055
3265
3728
3322
3331
2467
952
2818
3230
2024
4240
4205
213
585
388
1004
131
3381
2385
4092
4002
2112
1967
2933
1162
2078
806
2696
4850
3959
745
496
4859
3990
1715
1599
2951
728
3109
580
4609
2959
2559
3855
589
2519
2322
2916
2195
1926
501
961
2488
358
3749
4883
2999
4432
273
2686
3108
865
2925
4599
991
1924
259
2609
20
1256
3842
4456
357
1866
4653
4862
2915
1613
243
2771
264
3504
2139
4144
865
404
4930
1438
2647
4972
1677
4538
3090
1117
2947
4518
1938
4088
3396
207
3725
2327
3668
389
3685
2095
3458
3816
1249
3116
3228
2215
1664
3322
369
4182
4761
3394
548
1639
5
2945
549
3658
1733
3698
3828
324
2754
2969
462
3443
2507
257
3502
4812
843
4266
546
3372
4548
3965
4546
3186
1985
4730
4107
1492
140
3955
2007
1499
4725
3540
4220
1114
659
2249
1922
1760
2446
78
4195
533
3209
2228
2946
740
2470
4259
2698
2352
835
4389
2675
1202
4463
2741
2818
3014
3197
3275
3653
498
2038
4488
890
4939
658
117
4185
824
2502
4937
1264
2551
3360
3707
1230
3194
655
1870
1735
1457
4930
4299
1808
1119
3272
3318
2000
765
4931
3346
402
1585
2812
2560
2493
1275
659
4431
1000
2356
837
3061
2668
3795
3059
1736
3298
2355
3858
2677
4145
27
2964
2010
1564
15
4387
2847
609
4031
2989
4464
840
1305
3527
4993
2713
4005
1959
4661
1669
876
3406
1395
549
2326
1910
1554
4823
3710
31
940
1022
776
1852
2806
4250
4181
3433
2600
3261
3214
4034
2605
4893
4088
685
523
4951
4328
2162
2212
3027
3793
4301
2407
311
3142
1133
4106
227
627
116
1105
1771
2890
922
3189
3280
2626
1029
3324
4599
2878
1485
2230
2380
1619
4005
3621
3275
846
2981
1317
299
1677
3668
4500
4621
3732
2314
1840
2550
2569
3382
1534
4879
322
2534
27
2300
4276
3907
3808
311
1148
4308
703
653
3022
2531
865
2744
2380
2271
3702
3264
548
3212
1614
4726
1348
2050
1393
1429
2556
3106
1647
1305
892
505
2255
4290
3716
4015
4011
2271
4343
3790
3754
746
4007
3227
4078
865
3914
3176
1415
4793
4421
3365
4822
3412
1313
4152
3292
1361
562
761
4295
2972
1951
3060
57
3745
3190
3226
1041
106
4458
3335
1884
3062
4835
4422
16
3675
4341
910
82
3710
1296
2335
4065
2417
298
2319
2566
4755
702
2511
1094
1853
284
2555
205
3950
822
3665
2350
2484
4402
2399
3617
4064
308
160
1970
1708
916
2498
2197
1904
3518
3642
928
3629
2393
1004
4649
1993
4763
3047
1130
2814
216
4695
481
1996
986
837
1620
1441
4563
845
1538
2598
4670
609
510
4807
4268
551
3204
3042
3132
2120
4511
3578
3140
3804
2461
4515
4766
4007
1566
3735
2144
511
2139
4114
3963
1087
2753
2117
3929
739
372
815
1408
1814
2630
2254
1828
420
1153
199
553
1147
2022
2554
1788
2048
341
2532
1186
2215
1927
1353
4902
3679
4917
3582
2728
1485
1360
4352
166
1844
4057
1791
4005
1515
456
940
54
2504
352
949
977
3672
4186
4089
3607
464
1374
4539
3499
3562
1233
1952
845
3859
1709
313
2774
4687
940
4470
2337
3414
3523
2819
4049
4809
2736
739
703
612
1459
350
1607
3749
2410
2808
4849
4719
3556
61
3142
337
1705
4283
3409
146
578
82
2493
4184
3984
4459
2006
3644
1739
2966
858
560
3026
3785
3317
2757
3532
4587
3275
3109
1993
4649
4741
3857
3585
1961
1879
3222
1127
1229
221
679
3212
4436
2744
2415
1693
3759
2793
3320
3457
3986
3998
1606
4605
34
1237
2460
2121
4862
4532
3231
4209
4476
4992
3700
672
309
4945
758
4804
1976
1936
2790
4689
1827
4822
1471
3830
2898
1130
2051
2812
201
3120
4826
1191
3442
3352
4391
1549
45
959
200
3482
1766
218
2912
3647
4037
3130
911
1911
1674
878
455
4262
3312
4586
3336
1764
751
704
2548
4585
2380
249
3516
1597
1894
4383
3137
4746
2802
2067
3151
4382
3561
2062
2987
2493
2465
715
588
225
771
4352
3290
1001
3283
3452
3676
2664
2288
2404
1202
3331
4079
3452
1929
4477
3375
2359
4147
2863
71
213
881
1274
743
1533
1463
4564
4042
395
4883
899
3065
4852
4081
625
2024
1896
4890
2146
4750
3779
206
3855
4029
2790
4745
1161
3982
428
656
4465
1253
4673
1612
3770
1293
4453
2737
2676
4540
1047
1579
1490
934
3944
3153
4662
2371
3555
435
994
2408
65
3507
3495
4987
1977
2809
835
889
4539
4195
4878
4587
861
2740
4085
718
532
2627
4446
4959
4290
1403
1639
4795
2550
3354
1134
3451
4539
4395
2651
4848
2582
2225
2761
3937
518
3117
780
1894
729
1291
940
891
2440
3600
1800
2053
3972
2116
3966
1717
1731
3875
568
4404
2418
3620
915
4040
4438
1486
810
980
39
1835
1168
3222
2379
2543
3237
336
631
4565
3972
2876
2509
755
1351
4217
1516
1631
14
3038
3173
878
1011
2750
2970
2363
2590
49
4121
1494
4931
914
1406
1741
3493
4898
445
4618
76
3365
2168
3676
820
4377
4988
4190
4231
2399
3977
1894
1138
3135
2270
372
764
2585
3939
1376
1739
3808
3032
3366
4701
3863
4111
3292
2039
3839
555
688
3683
3395
2650
1939
3132
131
960
868
1460
1165
4624
4343
1969
4430
4136
3666
2088
2088
2155
505
3824
3995
1945
4133
1549
4983
4654
883
2378
3187
2627
4691
1840
1303
313
429
4990
1782
2576
3194
135
130
1542
2541
4508
4128
329
3401
773
1677
1264
3218
3112
1828
2018
619
2972
1443
1047
3184
3727
353
73
265
3201
3606
2426
2028
3097
2401
491
2570
1362
4488
2905
3274
4723
63
3610
210
4193
3550
941
4873
979
2037
2560
1664
1898
4366
1058
2975
4281
349
2678
4473
2348
216
4633
625
4116
384
4208
1664
453
4233
2338
397
4447
412
1257
3017
2360
2713
3379
2525
2665
1493
2797
1607
4504
23
1597
4782
4358
3589
864
582
635
4674
4054
3669
2634
1521
1402
1055
1343
4247
2893
1842
1758
4075
1202
845
4620
4611
3417
2101
782
335
2803
995
2653
1831
1010
1782
593
3749
2357
1714
4360
3001
603
4178
36
3270
2208
2934
2984
4639
3571
1397
3747
1506
3139
1848
4034
4261
4346
3783
1651
2908
3128
957
4192
3588
2438
4521
3528
4858
2336
3567
3788
4742
4440
4222
3279
3617
2363
3424
3596
4604
2878
4944
1877
37
778
474
824
3540
2600
1048
680
2387
1230
4451
1465
3204
574
1661
3438
4268
2436
3104
4911
491
3725
2436
2790
4055
4726
4362
263
2797
1857
2955
2905
1056
193
4483
4242
114
4519
2308
2116
4842
3323
2105
2949
1130
3554
3062
4656
4577
2436
1907
2280
4771
972
4079
1191
613
2297
4778
2948
4366
2873
3969
1026
2430
1800
4837
3104
1799
4697
4756
3408
1882
2748
3014
3474
549
249
2856
2802
3708
2844
2708
1644
2312
4102
463
4319
2548
2743
3205
2879
2677
3484
4487
969
2047
1912
4848
1545
2125
274
3802
3193
419
3846
802
2633
1759
1998
301
86
4173
921
3753
4513
4434
2
4317
1266
2388
3203
3456
4394
3114
4893
3370
4487
1020
4631
2467
571
1730
2465
1404
4243
3976
3174
3620
2533
4826
992
4091
4783
2138
886
2808
261
4746
401
3970
4022
574
1816
880
1256
3045
544
3074
3285
1454
1634
1693
3590
592
1434
1551
2619
4618
1812
3237
63
4088
210
3482
1726
4761
3433
4026
2850
2041
3864
4654
1891
567
3408
2320
1979
1135
3118
4214
4853
803
3876
3666
3516
3779
3421
4039
3326
3154
882
2892
2057
2057
716
1120
2817
1409
2364
1569
3340
1305
250
3975
766
3514
3320
4356
888
695
2605
748
1681
2440
1527
4696
4029
910
651
3347
3762
900
2856
2009
3710
1417
1850
1232
1029
2190
4014
1634
316
4337
3634
1634
862
381
2082
3996
2789
1398
322
4931
1823
3182
3327
169
2999
1239
353
3487
4362
2208
920
3260
696
4273
4041
2648
1822
3339
4658
1890
1910
4823
2975
3528
1513
4806
2342
3624
4698
1951
1587
1956
4575
3700
2517
1171
2274
2110
1675
1362
361
912
1623
1394
3027
4885
2590
2416
2431
1351
1012
2149
1409
3806
2436
2959
2399
3657
202
3783
1766
3125
4774
1418
2786
2379
1633
905
1079
426
4326
2159
127
3641
398
1147
592
3024
3386
4315
3163
775
4208
3041
3787
3686
1680
465
1048
1817
1796
2309
3194
1070
4964
399
4335
1654
2792
4013
2488
629
2534
1232
4932
2747
1282
527
603
2794
3125
4634
2071
4167
3964
3803
1375
1766
2571
1301
2415
2483
2878
368
4360
1628
2326
2745
1677
4499
3984
1565
116
673
2398
4996
2969
1415
73
274
702
1759
1440
1594
3070
509
940
2837
4903
3771
2437
649
1973
4313
520
3263
3954
366
4505
2474
424
2765
4371
2485
4860
3275
44
3690
4444
4800
554
3483
2260
3507
1245
1421
134
1369
319
1938
1707
4406
4532
1686
382
4837
4345
2862
3505
4618
4028
2295
3039
4875
985
42
2539
2045
2731
2821
2797
1979
2016
195
2941
4643
3245
1040
4738
4671
4898
4386
3022
4839
3114
2730
4171
2036
4072
2149
3814
1452
1465
1912
3918
665
707
4826
4344
3428
3272
3577
1006
4250
627
249
3368
2686
16
956
2380
199
1771
1622
2287
1561
1214
1121
4895
129
433
1165
488
4875
2357
547
338
4101
3940
3618
4482
425
704
1241
1644
3384
1489
2818
726
1627
2207
4056
1630
3180
1720
904
2942
4811
2093
2113
1773
3618
4728
4102
3985
132
290
1036
1772
2406
4975
177
871
1463
3597
594
5000
1817
1783
4734
4883
1869
4465
2104
3168
4323
4347
2888
1852
4104
1243
3508
3467
4714
1161
1372
549
2613
1205
4973
3532
1646
3753
2512
132
4472
359
1820
3622
137
2543
674
1927
3214
1562
4249
4378
178
89
2103
2008
3920
4026
2667
187
36
1195
278
3223
4543
871
1370
1080
4655
3783
198
4679
2673
1024
2107
770
2028
726
333
2669
2284
3979
298
4971
4357
128
4679
3991
3215
1486
986
653
3060
4381
1499
4375
2237
2981
439
1708
4903
4521
2373
1207
355
2039
1747
501
4572
1817
1446
510
4383
1918
1348
4141
244
4387
4253
719
2469
2536
4933
2532
401
3770
886
490
4477
3945
4970
2297
2183
2667
755
2921
3812
123
151
3840
2637
933
4775
469
2721
2852
4413
2564
74
4987
2998
20
2590
4934
967
2192
2702
2804
4217
4280
1589
3304
3525
3590
1252
2571
3841
87
2510
4979
1290
4547
4782
3630
4774
4552
4814
3113
64
4106
4764
1173
4389
1146
4796
2257
4318
2122
4221
196
3249
3785
4741
2277
1481
4132
3258
3944
3589
2866
2057
902
3642
3676
3708
1708
4584
2035
1671
4326
4896
3974
354
927
2083
1506
1479
131
2987
3946
4749
4842
1615
855
1373
3831
3793
1352
2531
1773
2817
1648
2867
623
3724
784
3531
2845
2552
4419
3010
3105
3988
863
4542
1352
4398
2229
2761
3212
3310
861
3516
2012
3733
1558
761
767
177
3636
2434
4891
569
3738
860
3356
2721
3046
473
2826
4204
613
4092
4755
1419
2647
2536
726
3618
2544
4104
985
625
652
666
1870
205
3364
3857
4098
4169
1131
782
3863
655
584
2223
4351
1388
1204
4148
1096
123
1798
2912
884
3709
737
1945
171
2475
251
2333
3225
3355
586
3868
2011
104
3011
3104
3064
1899
2173
4497
2826
2646
1515
2620
213
1915
4217
1896
3401
3988
3191
4037
1157
4187
4941
4953
3697
617
4925
3028
4101
292
192
4250
3659
1740
2483
3263
1433
4052
2636
1907
2941
2399
4318
4868
3417
1142
4971
115
709
4483
3402
102
1778
4225
2911
85
490
311
150
4153
1556
3268
4660
3015
2770
4760
633
302
2886
1161
1087
1282
3003
928
3832
3075
3412
3271
3559
3284
1225
3244
81
4582
1148
2694
1790
1720
500
3806
1239
779
2743
3099
333
4762
1393
4676
4334
2853
1143
790
4501
2521
3916
2319
2158
902
3934
2837
2372
3601
4990
2507
393
1300
927
3002
960
2909
456
1841
33
612
372
3834
1449
1848
2685
891
1910
2467
34
624
3053
2349
26
1729
2557
1628
854
2157
2447
3813
4238
2343
3680
3145
2120
1367
3697
3548
2518
4383
3549
202
4678
1285
264
1948
2266
1898
3799
333
4118
3859
3273
4128
883
2390
3416
4045
2572
1724
2679
2260
1674
4897
2849
2261
4954
2053
3335
375
1016
1427
3681
1123
3661
2853
1280
668
2320
3320
937
54
4405
3539
1866
2362
549
2050
666
3465
3845
3693
2961
1469
31
936
619
2270
2716
1552
4091
2304
3630
2936
1663
1614
1001
2741
1536
2314
3696
4020
4077
1758
3835
4540
4229
3154
4574
4481
1266
4713
439
3204
2235
3472
4805
4071
2060
4493
4867
2537
993
2285
4528
741
470
1962
966
4196
3304
3826
4643
1527
1311
4360
4586
234
2499
3296
1569
1857
2541
2973
3856
4623
1429
4236
3012
1450
1901
4015
844
1488
2515
2181
4147
2207
2627
4575
4241
3488
4661
2061
3950
14
2356
2202
4055
3218
4206
3867
2730
3717
3670
3058
1838
1909
141
2083
790
1202
3400
2692
3653
3181
4774
4585
4287
3461
183
772
632
2751
1592
919
2326
1356
1668
1163
976
3566
2310
1346
887
3197
393
2145
4279
4968
3096
4467
156
4521
4895
3433
497
3552
4987
897
3128
1060
4840
2714
4856
5000
1264
124
402
629
290
3399
683
3790
3871
1893
237
2625
2794
4633
3187
597
4966
3038
4472
3356
243
3291
3024
135
1571
4492
1756
1682
4621
2021
2195
4990
1453
418
4170
100
3448
3547
2744
2337
2942
623
1887
2304
2351
3873
2177
1442
820
2929
1792
3789
4211
2701
3984
1854
4824
279
199
4310
260
1038
2784
2474
4205
4374
2510
3553
1278
440
3414
1320
4444
4412
3960
2605
4903
1307
3622
3726
4018
992
4735
4170
2157
3586
3805
158
1177
2745
261
2862
4502
4603
3302
2736
4224
3350
1860
2496
4310
439
4684
2443
3401
1732
4251
531
2304
1649
959
4589
1393
2302
2717
822
3474
4946
4203
2721
2436
4229
1769
2163
3100
1193
656
2558
1851
2145
3413
3786
1803
121
1509
4258
343
1750
2424
2079
630
4419
747
4554
3372
2327
2260
1038
3499
4239
3269
1331
4015
4579
2080
2017
1840
421
4934
4804
3399
1098
3346
4189
2744
1447
2583
4216
4766
2514
2345
4018
2967
1512
4915
3846
331
4547
530
1012
1317
2766
1067
2874
2123
1444
4324
2528
1689
749
909
3398
709
4560
754
3919
2444
4861
734
3408
3893
3345
2603
4916
3047
875
2333
1117
4026
3471
1977
2108
3757
4802
88
4119
3988
2422
142
199
3943
1216
3296
111
2894
4906
4675
3489
2557
3079
2259
3026
2196
475
274
415
977
3710
2503
4073
4952
2408
2299
1676
3371
888
4554
437
790
145
537
1105
12
2161
3551
751
2233
1567
2404
4482
1441
3537
712
4277
4472
499
4521
1849
4142
1252
4510
3446
1219
929
4073
668
3704
4649
152
992
1519
4863
317
3737
3935
4539
1308
1765
1649
1599
2572
3268
255
1902
3078
2883
4455
700
642
3703
1109
2745
134
4074
2590
4675
2368
3002
4692
2556
3397
1119
1622
3305
1240
486
3073
2288
1363
864
3081
812
957
2723
2007
458
853
1139
976
2441
2415
3810
2913
2820
303
2671
3065
3793
3278
3354
4273
1571
4543
485
2233
1970
4666
1206
2739
2551
4614
4819
2115
1858
4921
512
4023
4490
1257
3242
2068
593
2625
3556
1525
3056
2637
4424
4402
947
356
1240
4922
635
4631
3805
4524
3349
1508
3965
4435
48
65
4545
333
2650
835
2445
2415
3317
4960
4745
4966
2297
4474
2511
3542
43
3391
4363
1687
2847
2813
2697
363
2030
4379
4386
3790
4174
4605
1055
1660
1143
3515
1611
308
2529
1113
490
2170
1755
1493
4653
4190
2697
1969
3943
3640
1319
2454
2645
1095
2180
4434
897
621
4425
3242
3558
4644
1047
4857
546
4112
178
1171
1912
4882
2651
3399
2094
4387
4678
941
4439
1538
4826
4847
2117
2928
405
717
2087
3914
2999
2582
2531
21
4249
2577
2574
3753
1823
839
4659
178
4156
3908
3399
4223
3132
1350
3937
960
4054
4177
3439
1822
4979
118
784
3578
1578
4561
3361
2036
3232
4474
4797
2260
3057
2901
386
2145
2540
2561
2397
1378
2820
1658
4223
1239
3667
885
4640
3016
2481
4455
1945
3627
4210
4870
4194
463
1224
272
4844
637
2287
1792
343
4182
1592
99
2389
672
2443
1637
4381
4579
2869
181
4269
2567
4447
2932
161
2431
4423
2984
1955
4423
2645
4696
4707
4756
4682
1381
2368
4959
2824
1824
3298
4762
4295
2790
1160
77
4868
2823
4681
464
3621
1591
1956
2897
2916
3437
3031
2278
4868
731
2007
2089
2508
96
3134
3797
1295
3215
3303
2550
3005
2934
3767
1785
4488
3063
758
3476
4585
2560
4948
1096
4796
362
1265
1131
2855
1217
753
652
2057
1027
1138
1409
491
2274
4900
533
1047
1067
877
1451
3144
289
1875
846
3512
2823
4453
3258
637
363
3883
1633
4776
1926
1652
4980
3938
1010
4156
1003
2242
383
3339
112
509
3442
1947
3318
3174
2443
382
1529
3051
2110
3957
641
1803
4187
4213
2598
849
3545
1661
3223
2564
675
2225
1101
2547
664
110
4415
3129
1373
2238
4150
544
3050
661
3536
3855
3473
2030
3522
4635
2194
2369
2896
3455
1655
1764
1293
4403
416
4014
2113
1113
4987
3378
2278
3672
2725
4646
4014
4186
687
3866
2987
2988
2169
659
4417
4447
464
4000
1137
2230
3780
4431
948
1725
1178
802
2974
3716
4663
752
3057
4445
1222
1787
4522
680
146
303
4957
3987
4610
3907
193
2601
2176
4547
4093
2027
1048
3550
1799
2856
1927
2996
4002
3096
1449
2459
344
3143
1096
3871
1940
3802
409
3546
4076
3282
3804
1256
1252
4885
452
1801
2338
803
1367
2341
1243
2404
3872
4082
1979
3063
566
139
493
3552
3595
207
1822
4846
907
3126
846
3537
4508
2338
2773
4797
1430
4172
1664
4228
188
3630
4812
4258
215
4152
1938
1462
2792
4615
4585
3277
2981
2867
429
1017
4758
3433
454
752
3580
4209
782
4541
1213
4512
3817
4532
1009
1467
4237
751
375
2489
4655
2149
2555
3476
3972
1516
1075
2789
4398
4444
4752
1954
3549
2059
2698
2263
599
3758
3615
131
3504
2967
4801
2431
2942
2541
962
4826
624
894
3299
2252
2223
4503
2616
3907
3799
1108
2515
536
1928
2432
4355
1609
105
2072
2503
4555
3505
3946
2179
179
163
1363
2978
3651
3493
1922
3903
3512
2720
4105
3735
4926
4641
1519
1134
1584
3217
1330
726
3090
