1
2
3
4
5
6
7
8
9
10
11
12
13
14
15
16
17
18
19
20
21
22
23
24
25
26
27
28
29
30
31
32
33
34
35
36
37
38
39
40
41
42
43
44
45
46
47
48
49
50
51
52
53
54
55
56
57
58
59
60
61
62
63
64
65
66
67
68
69
70
71
72
73
74
75
76
77
78
79
80
81
82
83
84
85
86
87
88
89
90
91
92
93
94
95
96
97
98
99
100
101
102
103
104
105
106
107
108
109
110
111
112
113
114
115
116
117
118
119
120
121
122
123
124
125
126
127
128
129
130
131
132
133
134
135
136
137
138
139
140
141
142
143
144
145
146
147
148
149
150
151
152
153
154
155
156
157
158
159
160
161
162
163
164
165
166
167
168
169
170
171
172
173
174
175
176
177
178
179
180
181
182
183
184
185
186
187
188
189
190
191
192
193
194
195
196
197
198
199
200
201
202
203
204
205
206
207
208
209
210
211
212
213
214
215
216
217
218
219
220
221
222
223
224
225
226
227
228
229
230
231
232
233
234
235
236
237
238
239
240
241
242
243
244
245
246
247
248
249
250
251
252
253
254
255
256
257
258
259
260
261
262
263
264
265
266
267
268
269
270
271
272
273
274
275
276
277
278
279
280
281
282
283
284
285
286
287
288
289
290
291
292
293
294
295
296
297
298
299
300
301
302
303
304
305
306
307
308
309
310
311
312
313
314
315
316
317
318
319
320
321
322
323
324
325
326
327
328
329
330
331
332
333
334
335
336
337
338
339
340
341
342
343
344
345
346
347
348
349
350
351
352
353
354
355
356
357
358
359
360
361
362
363
364
365
366
367
368
369
370
371
372
373
374
375
376
377
378
379
380
381
382
383
384
385
386
387
388
389
390
391
392
393
394
395
396
397
398
399
400
401
402
403
404
405
406
407
408
409
410
411
412
413
414
415
416
417
418
419
420
421
422
423
424
425
426
427
428
429
430
431
432
433
434
435
436
437
438
439
440
441
442
443
444
445
446
447
448
449
450
451
452
453
454
455
456
457
458
459
460
461
462
463
464
465
466
467
468
469
470
471
472
473
474
475
476
477
478
479
480
481
482
483
484
485
486
487
488
489
490
491
492
493
494
495
496
497
498
499
500
501
502
503
504
505
506
507
508
509
510
511
512
513
514
515
516
517
518
519
520
521
522
523
524
525
526
527
528
529
530
531
532
533
534
535
536
537
538
539
540
541
542
543
544
545
546
547
548
549
550
551
552
553
554
555
556
557
558
559
560
561
562
563
564
565
566
567
568
569
570
571
572
573
574
575
576
577
578
579
580
581
582
583
584
585
586
587
588
589
590
591
592
593
594
595
596
597
598
599
600
601
602
603
604
605
606
607
608
609
610
611
612
613
614
615
616
617
618
619
620
621
622
623
624
625
626
627
628
629
630
631
632
633
634
635
636
637
638
639
640
641
642
643
644
645
646
647
648
649
650
651
652
653
654
655
656
657
658
659
660
661
662
663
664
665
666
667
668
669
670
671
672
673
674
675
676
677
678
679
680
681
682
683
684
685
686
687
688
689
690
691
692
693
694
695
696
697
698
699
700
701
702
703
704
705
706
707
708
709
710
711
712
713
714
715
716
717
718
719
720
721
722
723
724
725
726
727
728
729
730
731
732
733
734
735
736
737
738
739
740
741
742
743
744
745
746
747
748
749
750
751
752
753
754
755
756
757
758
759
760
761
762
763
764
765
766
767
768
769
770
771
772
773
774
775
776
777
778
779
780
781
782
783
784
785
786
787
788
789
790
791
792
793
794
795
796
797
798
799
800
801
802
803
804
805
806
807
808
809
810
811
812
813
814
815
816
817
818
819
820
821
822
823
824
825
826
827
828
829
830
831
832
833
834
835
836
837
838
839
840
841
842
843
844
845
846
847
848
849
850
851
852
853
854
855
856
857
858
859
860
861
862
863
864
865
866
867
868
869
870
871
872
873
874
875
876
877
878
879
880
881
882
883
884
885
886
887
888
889
890
891
892
893
894
895
896
897
898
899
900
901
902
903
904
905
906
907
908
909
910
911
912
913
914
915
916
917
918
919
920
921
922
923
924
925
926
927
928
929
930
931
932
933
934
935
936
937
938
939
940
941
942
943
944
945
946
947
948
949
950
951
952
953
954
955
956
957
958
959
960
961
962
963
964
965
966
967
968
969
970
971
972
973
974
975
976
977
978
979
980
981
982
983
984
985
986
987
988
989
990
991
992
993
994
995
996
997
998
999
1000
1001
1002
1003
1004
1005
1006
1007
1008
1009
1010
1011
1012
1013
1014
1015
1016
1017
1018
1019
1020
1021
1022
1023
1024
1025
1026
1027
1028
1029
1030
1031
1032
1033
1034
1035
1036
1037
1038
1039
1040
1041
1042
1043
1044
1045
1046
1047
1048
1049
1050
1051
1052
1053
1054
1055
1056
1057
1058
1059
1060
1061
1062
1063
1064
1065
1066
1067
1068
1069
1070
1071
1072
1073
1074
1075
1076
1077
1078
1079
1080
1081
1082
1083
1084
1085
1086
1087
1088
1089
1090
1091
1092
1093
1094
1095
1096
1097
1098
1099
1100
1101
1102
1103
1104
1105
1106
1107
1108
1109
1110
1111
1112
1113
1114
1115
1116
1117
1118
1119
1120
1121
1122
1123
1124
1125
1126
1127
1128
1129
1130
1131
1132
1133
1134
1135
1136
1137
1138
1139
1140
1141
1142
1143
1144
1145
1146
1147
1148
1149
1150
1151
1152
1153
1154
1155
1156
1157
1158
1159
1160
1161
1162
1163
1164
1165
1166
1167
1168
1169
1170
1171
1172
1173
1174
1175
1176
1177
1178
1179
1180
1181
1182
1183
1184
1185
1186
1187
1188
1189
1190
1191
1192
1193
1194
1195
1196
1197
1198
1199
1200
1201
1202
1203
1204
1205
1206
1207
1208
1209
1210
1211
1212
1213
1214
1215
1216
1217
1218
1219
1220
1221
1222
1223
1224
1225
1226
1227
1228
1229
1230
1231
1232
1233
1234
1235
1236
1237
1238
1239
1240
1241
1242
1243
1244
1245
1246
1247
1248
1249
1250
1251
1252
1253
1254
1255
1256
1257
1258
1259
1260
1261
1262
1263
1264
1265
1266
1267
1268
1269
1270
1271
1272
1273
1274
1275
1276
1277
1278
1279
1280
1281
1282
1283
1284
1285
1286
1287
1288
1289
1290
1291
1292
1293
1294
1295
1296
1297
1298
1299
1300
1301
1302
1303
1304
1305
1306
1307
1308
1309
1310
1311
1312
1313
1314
1315
1316
1317
1318
1319
1320
1321
1322
1323
1324
1325
1326
1327
1328
1329
1330
1331
1332
1333
1334
1335
1336
1337
1338
1339
1340
1341
1342
1343
1344
1345
1346
1347
1348
1349
1350
1351
1352
1353
1354
1355
1356
1357
1358
1359
1360
1361
1362
1363
1364
1365
1366
1367
1368
1369
1370
1371
1372
1373
1374
1375
1376
1377
1378
1379
1380
1381
1382
1383
1384
1385
1386
1387
1388
1389
1390
1391
1392
1393
1394
1395
1396
1397
1398
1399
1400
1401
1402
1403
1404
1405
1406
1407
1408
1409
1410
1411
1412
1413
1414
1415
1416
1417
1418
1419
1420
1421
1422
1423
1424
1425
1426
1427
1428
1429
1430
1431
1432
1433
1434
1435
1436
1437
1438
1439
1440
1441
1442
1443
1444
1445
1446
1447
1448
1449
1450
1451
1452
1453
1454
1455
1456
1457
1458
1459
1460
1461
1462
1463
1464
1465
1466
1467
1468
1469
1470
1471
1472
1473
1474
1475
1476
1477
1478
1479
1480
1481
1482
1483
1484
1485
1486
1487
1488
1489
1490
1491
1492
1493
1494
1495
1496
1497
1498
1499
1500
1501
1502
1503
1504
1505
1506
1507
1508
1509
1510
1511
1512
1513
1514
1515
1516
1517
1518
1519
1520
1521
1522
1523
1524
1525
1526
1527
1528
1529
1530
1531
1532
1533
1534
1535
1536
1537
1538
1539
1540
1541
1542
1543
1544
1545
1546
1547
1548
1549
1550
1551
1552
1553
1554
1555
1556
1557
1558
1559
1560
1561
1562
1563
1564
1565
1566
1567
1568
1569
1570
1571
1572
1573
1574
1575
1576
1577
1578
1579
1580
1581
1582
1583
1584
1585
1586
1587
1588
1589
1590
1591
1592
1593
1594
1595
1596
1597
1598
1599
1600
1601
1602
1603
1604
1605
1606
1607
1608
1609
1610
1611
1612
1613
1614
1615
1616
1617
1618
1619
1620
1621
1622
1623
1624
1625
1626
1627
1628
1629
1630
1631
1632
1633
1634
1635
1636
1637
1638
1639
1640
1641
1642
1643
1644
1645
1646
1647
1648
1649
1650
1651
1652
1653
1654
1655
1656
1657
1658
1659
1660
1661
1662
1663
1664
1665
1666
1667
1668
1669
1670
1671
1672
1673
1674
1675
1676
1677
1678
1679
1680
1681
1682
1683
1684
1685
1686
1687
1688
1689
1690
1691
1692
1693
1694
1695
1696
1697
1698
1699
1700
1701
1702
1703
1704
1705
1706
1707
1708
1709
1710
1711
1712
1713
1714
1715
1716
1717
1718
1719
1720
1721
1722
1723
1724
1725
1726
1727
1728
1729
1730
1731
1732
1733
1734
1735
1736
1737
1738
1739
1740
1741
1742
1743
1744
1745
1746
1747
1748
1749
1750
1751
1752
1753
1754
1755
1756
1757
1758
1759
1760
1761
1762
1763
1764
1765
1766
1767
1768
1769
1770
1771
1772
1773
1774
1775
1776
1777
1778
1779
1780
1781
1782
1783
1784
1785
1786
1787
1788
1789
1790
1791
1792
1793
1794
1795
1796
1797
1798
1799
1800
1801
1802
1803
1804
1805
1806
1807
1808
1809
1810
1811
1812
1813
1814
1815
1816
1817
1818
1819
1820
1821
1822
1823
1824
1825
1826
1827
1828
1829
1830
1831
1832
1833
1834
1835
1836
1837
1838
1839
1840
1841
1842
1843
1844
1845
1846
1847
1848
1849
1850
1851
1852
1853
1854
1855
1856
1857
1858
1859
1860
1861
1862
1863
1864
1865
1866
1867
1868
1869
1870
1871
1872
1873
1874
1875
1876
1877
1878
1879
1880
1881
1882
1883
1884
1885
1886
1887
1888
1889
1890
1891
1892
1893
1894
1895
1896
1897
1898
1899
1900
1901
1902
1903
1904
1905
1906
1907
1908
1909
1910
1911
1912
1913
1914
1915
1916
1917
1918
1919
1920
1921
1922
1923
1924
1925
1926
1927
1928
1929
1930
1931
1932
1933
1934
1935
1936
1937
1938
1939
1940
1941
1942
1943
1944
1945
1946
1947
1948
1949
1950
1951
1952
1953
1954
1955
1956
1957
1958
1959
1960
1961
1962
1963
1964
1965
1966
1967
1968
1969
1970
1971
1972
1973
1974
1975
1976
1977
1978
1979
1980
1981
1982
1983
1984
1985
1986
1987
1988
1989
1990
1991
1992
1993
1994
1995
1996
1997
1998
1999
2000
2001
2002
2003
2004
2005
2006
2007
2008
2009
2010
2011
2012
2013
2014
2015
2016
2017
2018
2019
2020
2021
2022
2023
2024
2025
2026
2027
2028
2029
2030
2031
2032
2033
2034
2035
2036
2037
2038
2039
2040
2041
2042
2043
2044
2045
2046
2047
2048
2049
2050
2051
2052
2053
2054
2055
2056
2057
2058
2059
2060
2061
2062
2063
2064
2065
2066
2067
2068
2069
2070
2071
2072
2073
2074
2075
2076
2077
2078
2079
2080
2081
2082
2083
2084
2085
2086
2087
2088
2089
2090
2091
2092
2093
2094
2095
2096
2097
2098
2099
2100
2101
2102
2103
2104
2105
2106
2107
2108
2109
2110
2111
2112
2113
2114
2115
2116
2117
2118
2119
2120
2121
2122
2123
2124
2125
2126
2127
2128
2129
2130
2131
2132
2133
2134
2135
2136
2137
2138
2139
2140
2141
2142
2143
2144
2145
2146
2147
2148
2149
2150
2151
2152
2153
2154
2155
2156
2157
2158
2159
2160
2161
2162
2163
2164
2165
2166
2167
2168
2169
2170
2171
2172
2173
2174
2175
2176
2177
2178
2179
2180
2181
2182
2183
2184
2185
2186
2187
2188
2189
2190
2191
2192
2193
2194
2195
2196
2197
2198
2199
2200
2201
2202
2203
2204
2205
2206
2207
2208
2209
2210
2211
2212
2213
2214
2215
2216
2217
2218
2219
2220
2221
2222
2223
2224
2225
2226
2227
2228
2229
2230
2231
2232
2233
2234
2235
2236
2237
2238
2239
2240
2241
2242
2243
2244
2245
2246
2247
2248
2249
2250
2251
2252
2253
2254
2255
2256
2257
2258
2259
2260
2261
2262
2263
2264
2265
2266
2267
2268
2269
2270
2271
2272
2273
2274
2275
2276
2277
2278
2279
2280
2281
2282
2283
2284
2285
2286
2287
2288
2289
2290
2291
2292
2293
2294
2295
2296
2297
2298
2299
2300
2301
2302
2303
2304
2305
2306
2307
2308
2309
2310
2311
2312
2313
2314
2315
2316
2317
2318
2319
2320
2321
2322
2323
2324
2325
2326
2327
2328
2329
2330
2331
2332
2333
2334
2335
2336
2337
2338
2339
2340
2341
2342
2343
2344
2345
2346
2347
2348
2349
2350
2351
2352
2353
2354
2355
2356
2357
2358
2359
2360
2361
2362
2363
2364
2365
2366
2367
2368
2369
2370
2371
2372
2373
2374
2375
2376
2377
2378
2379
2380
2381
2382
2383
2384
2385
2386
2387
2388
2389
2390
2391
2392
2393
2394
2395
2396
2397
2398
2399
2400
2401
2402
2403
2404
2405
2406
2407
2408
2409
2410
2411
2412
2413
2414
2415
2416
2417
2418
2419
2420
2421
2422
2423
2424
2425
2426
2427
2428
2429
2430
2431
2432
2433
2434
2435
2436
2437
2438
2439
2440
2441
2442
2443
2444
2445
2446
2447
2448
2449
2450
2451
2452
2453
2454
2455
2456
2457
2458
2459
2460
2461
2462
2463
2464
2465
2466
2467
2468
2469
2470
2471
2472
2473
2474
2475
2476
2477
2478
2479
2480
2481
2482
2483
2484
2485
2486
2487
2488
2489
2490
2491
2492
2493
2494
2495
2496
2497
2498
2499
2500
2501
2502
2503
2504
2505
2506
2507
2508
2509
2510
2511
2512
2513
2514
2515
2516
2517
2518
2519
2520
2521
2522
2523
2524
2525
2526
2527
2528
2529
2530
2531
2532
2533
2534
2535
2536
2537
2538
2539
2540
2541
2542
2543
2544
2545
2546
2547
2548
2549
2550
2551
2552
2553
2554
2555
2556
2557
2558
2559
2560
2561
2562
2563
2564
2565
2566
2567
2568
2569
2570
2571
2572
2573
2574
2575
2576
2577
2578
2579
2580
2581
2582
2583
2584
2585
2586
2587
2588
2589
2590
2591
2592
2593
2594
2595
2596
2597
2598
2599
2600
2601
2602
2603
2604
2605
2606
2607
2608
2609
2610
2611
2612
2613
2614
2615
2616
2617
2618
2619
2620
2621
2622
2623
2624
2625
2626
2627
2628
2629
2630
2631
2632
2633
2634
2635
2636
2637
2638
2639
2640
2641
2642
2643
2644
2645
2646
2647
2648
2649
2650
2651
2652
2653
2654
2655
2656
2657
2658
2659
2660
2661
2662
2663
2664
2665
2666
2667
2668
2669
2670
2671
2672
2673
2674
2675
2676
2677
2678
2679
2680
2681
2682
2683
2684
2685
2686
2687
2688
2689
2690
2691
2692
2693
2694
2695
2696
2697
2698
2699
2700
2701
2702
2703
2704
2705
2706
2707
2708
2709
2710
2711
2712
2713
2714
2715
2716
2717
2718
2719
2720
2721
2722
2723
2724
2725
2726
2727
2728
2729
2730
2731
2732
2733
2734
2735
2736
2737
2738
2739
2740
2741
2742
2743
2744
2745
2746
2747
2748
2749
2750
2751
2752
2753
2754
2755
2756
2757
2758
2759
2760
2761
2762
2763
2764
2765
2766
2767
2768
2769
2770
2771
2772
2773
2774
2775
2776
2777
2778
2779
2780
2781
2782
2783
2784
2785
2786
2787
2788
2789
2790
2791
2792
2793
2794
2795
2796
2797
2798
2799
2800
2801
2802
2803
2804
2805
2806
2807
2808
2809
2810
2811
2812
2813
2814
2815
2816
2817
2818
2819
2820
2821
2822
2823
2824
2825
2826
2827
2828
2829
2830
2831
2832
2833
2834
2835
2836
2837
2838
2839
2840
2841
2842
2843
2844
2845
2846
2847
2848
2849
2850
2851
2852
2853
2854
2855
2856
2857
2858
2859
2860
2861
2862
2863
2864
2865
2866
2867
2868
2869
2870
2871
2872
2873
2874
2875
2876
2877
2878
2879
2880
2881
2882
2883
2884
2885
2886
2887
2888
2889
2890
2891
2892
2893
2894
2895
2896
2897
2898
2899
2900
2901
2902
2903
2904
2905
2906
2907
2908
2909
2910
2911
2912
2913
2914
2915
2916
2917
2918
2919
2920
2921
2922
2923
2924
2925
2926
2927
2928
2929
2930
2931
2932
2933
2934
2935
2936
2937
2938
2939
2940
2941
2942
2943
2944
2945
2946
2947
2948
2949
2950
2951
2952
2953
2954
2955
2956
2957
2958
2959
2960
2961
2962
2963
2964
2965
2966
2967
2968
2969
2970
2971
2972
2973
2974
2975
2976
2977
2978
2979
2980
2981
2982
2983
2984
2985
2986
2987
2988
2989
2990
2991
2992
2993
2994
2995
2996
2997
2998
2999
3000
3001
3002
3003
3004
3005
3006
3007
3008
3009
3010
3011
3012
3013
3014
3015
3016
3017
3018
3019
3020
3021
3022
3023
3024
3025
3026
3027
3028
3029
3030
3031
3032
3033
3034
3035
3036
3037
3038
3039
3040
3041
3042
3043
3044
3045
3046
3047
3048
3049
3050
3051
3052
3053
3054
3055
3056
3057
3058
3059
3060
3061
3062
3063
3064
3065
3066
3067
3068
3069
3070
3071
3072
3073
3074
3075
3076
3077
3078
3079
3080
3081
3082
3083
3084
3085
3086
3087
3088
3089
3090
3091
3092
3093
3094
3095
3096
3097
3098
3099
3100
3101
3102
3103
3104
3105
3106
3107
3108
3109
3110
3111
3112
3113
3114
3115
3116
3117
3118
3119
3120
3121
3122
3123
3124
3125
3126
3127
3128
3129
3130
3131
3132
3133
3134
3135
3136
3137
3138
3139
3140
3141
3142
3143
3144
3145
3146
3147
3148
3149
3150
3151
3152
3153
3154
3155
3156
3157
3158
3159
3160
3161
3162
3163
3164
3165
3166
3167
3168
3169
3170
3171
3172
3173
3174
3175
3176
3177
3178
3179
3180
3181
3182
3183
3184
3185
3186
3187
3188
3189
3190
3191
3192
3193
3194
3195
3196
3197
3198
3199
3200
3201
3202
3203
3204
3205
3206
3207
3208
3209
3210
3211
3212
3213
3214
3215
3216
3217
3218
3219
3220
3221
3222
3223
3224
3225
3226
3227
3228
3229
3230
3231
3232
3233
3234
3235
3236
3237
3238
3239
3240
3241
3242
3243
3244
3245
3246
3247
3248
3249
3250
3251
3252
3253
3254
3255
3256
3257
3258
3259
3260
3261
3262
3263
3264
3265
3266
3267
3268
3269
3270
3271
3272
3273
3274
3275
3276
3277
3278
3279
3280
3281
3282
3283
3284
3285
3286
3287
3288
3289
3290
3291
3292
3293
3294
3295
3296
3297
3298
3299
3300
3301
3302
3303
3304
3305
3306
3307
3308
3309
3310
3311
3312
3313
3314
3315
3316
3317
3318
3319
3320
3321
3322
3323
3324
3325
3326
3327
3328
3329
3330
3331
3332
3333
3334
3335
3336
3337
3338
3339
3340
3341
3342
3343
3344
3345
3346
3347
3348
3349
3350
3351
3352
3353
3354
3355
3356
3357
3358
3359
3360
3361
3362
3363
3364
3365
3366
3367
3368
3369
3370
3371
3372
3373
3374
3375
3376
3377
3378
3379
3380
3381
3382
3383
3384
3385
3386
3387
3388
3389
3390
3391
3392
3393
3394
3395
3396
3397
3398
3399
3400
3401
3402
3403
3404
3405
3406
3407
3408
3409
3410
3411
3412
3413
3414
3415
3416
3417
3418
3419
3420
3421
3422
3423
3424
3425
3426
3427
3428
3429
3430
3431
3432
3433
3434
3435
3436
3437
3438
3439
3440
3441
3442
3443
3444
3445
3446
3447
3448
3449
3450
3451
3452
3453
3454
3455
3456
3457
3458
3459
3460
3461
3462
3463
3464
3465
3466
3467
3468
3469
3470
3471
3472
3473
3474
3475
3476
3477
3478
3479
3480
3481
3482
3483
3484
3485
3486
3487
3488
3489
3490
3491
3492
3493
3494
3495
3496
3497
3498
3499
3500
3501
3502
3503
3504
3505
3506
3507
3508
3509
3510
3511
3512
3513
3514
3515
3516
3517
3518
3519
3520
3521
3522
3523
3524
3525
3526
3527
3528
3529
3530
3531
3532
3533
3534
3535
3536
3537
3538
3539
3540
3541
3542
3543
3544
3545
3546
3547
3548
3549
3550
3551
3552
3553
3554
3555
3556
3557
3558
3559
3560
3561
3562
3563
3564
3565
3566
3567
3568
3569
3570
3571
3572
3573
3574
3575
3576
3577
3578
3579
3580
3581
3582
3583
3584
3585
3586
3587
3588
3589
3590
3591
3592
3593
3594
3595
3596
3597
3598
3599
3600
3601
3602
3603
3604
3605
3606
3607
3608
3609
3610
3611
3612
3613
3614
3615
3616
3617
3618
3619
3620
3621
3622
3623
3624
3625
3626
3627
3628
3629
3630
3631
3632
3633
3634
3635
3636
3637
3638
3639
3640
3641
3642
3643
3644
3645
3646
3647
3648
3649
3650
3651
3652
3653
3654
3655
3656
3657
3658
3659
3660
3661
3662
3663
3664
3665
3666
3667
3668
3669
3670
3671
3672
3673
3674
3675
3676
3677
3678
3679
3680
3681
3682
3683
3684
3685
3686
3687
3688
3689
3690
3691
3692
3693
3694
3695
3696
3697
3698
3699
3700
3701
3702
3703
3704
3705
3706
3707
3708
3709
3710
3711
3712
3713
3714
3715
3716
3717
3718
3719
3720
3721
3722
3723
3724
3725
3726
3727
3728
3729
3730
3731
3732
3733
3734
3735
3736
3737
3738
3739
3740
3741
3742
3743
3744
3745
3746
3747
3748
3749
3750
3751
3752
3753
3754
3755
3756
3757
3758
3759
3760
3761
3762
3763
3764
3765
3766
3767
3768
3769
3770
3771
3772
3773
3774
3775
3776
3777
3778
3779
3780
3781
3782
3783
3784
3785
3786
3787
3788
3789
3790
3791
3792
3793
3794
3795
3796
3797
3798
3799
3800
3801
3802
3803
3804
3805
3806
3807
3808
3809
3810
3811
3812
3813
3814
3815
3816
3817
3818
3819
3820
3821
3822
3823
3824
3825
3826
3827
3828
3829
3830
3831
3832
3833
3834
3835
3836
3837
3838
3839
3840
3841
3842
3843
3844
3845
3846
3847
3848
3849
3850
3851
3852
3853
3854
3855
3856
3857
3858
3859
3860
3861
3862
3863
3864
3865
3866
3867
3868
3869
3870
3871
3872
3873
3874
3875
3876
3877
3878
3879
3880
3881
3882
3883
3884
3885
3886
3887
3888
3889
3890
3891
3892
3893
3894
3895
3896
3897
3898
3899
3900
3901
3902
3903
3904
3905
3906
3907
3908
3909
3910
3911
3912
3913
3914
3915
3916
3917
3918
3919
3920
3921
3922
3923
3924
3925
3926
3927
3928
3929
3930
3931
3932
3933
3934
3935
3936
3937
3938
3939
3940
3941
3942
3943
3944
3945
3946
3947
3948
3949
3950
3951
3952
3953
3954
3955
3956
3957
3958
3959
3960
3961
3962
3963
3964
3965
3966
3967
3968
3969
3970
3971
3972
3973
3974
3975
3976
3977
3978
3979
3980
3981
3982
3983
3984
3985
3986
3987
3988
3989
3990
3991
3992
3993
3994
3995
3996
3997
3998
3999
4000
4754
7299
9369
6830
4668
9077
8735
7456
6653
8191
5466
9852
4761
6577
4655
7391
6136
9215
7977
5779
4599
9310
4437
6626
6006
7124
6995
9607
7821
4096
8129
9655
4505
4176
5902
5728
5027
7148
8350
5286
6860
9824
6419
9863
8817
4085
7826
5031
6738
8585
7155
8294
7888
7796
8178
9554
8570
5233
6432
8332
6638
8967
7614
7276
5048
9892
7819
8968
6031
6909
5026
8962
6773
7884
4855
4536
5446
8810
9922
6805
9993
9235
5056
5423
6090
4639
7277
9960
7771
8351
4643
9294
4285
5199
9640
7173
4525
4178
4563
8758
5188
4260
9413
8782
7468
5564
9615
4774
6451
4838
9180
4815
5593
6085
7561
9171
5422
9907
5324
7105
7087
4175
9410
6674
4253
7067
9679
8710
8681
8389
5764
9557
4581
5776
7708
4874
8784
4657
8597
9971
4408
8661
4989
8698
5492
8768
7703
4008
4323
9456
5647
5011
7713
6189
6496
8760
9523
9966
5270
5759
8071
5212
9887
8610
4320
4346
4052
6565
9367
4868
4654
8776
6578
8635
7544
6866
7146
9673
9754
6060
9985
6749
8623
8037
8122
7812
6219
9573
5391
5632
4196
6659
9136
6164
4097
8510
9913
4020
8598
5878
9677
8561
7784
6501
6512
6918
7000
5141
5186
7567
4037
6456
5163
8376
4195
5582
4689
6666
7297
9968
5783
8145
4626
7302
6925
7405
6800
4646
8704
5500
6202
9113
6106
9409
7896
7472
7238
5123
8779
5429
9275
6253
4300
4648
4483
8741
8335
4186
4967
4108
5368
6792
9750
9628
9797
7338
6231
5814
8431
4036
6123
7045
4944
8189
6954
9923
8270
7315
4889
5464
9007
7206
5093
5945
4394
7633
4360
9762
8592
4680
5169
4682
8094
7764
8420
8322
6433
8905
6454
8068
6425
4954
6617
8960
4212
5589
4777
5190
6206
8077
5885
7274
7964
9350
9241
8452
9691
6701
9117
9669
6882
7040
7021
7952
7616
8848
8174
4364
8160
4042
5140
5586
9052
4231
7623
6961
9164
8549
5377
5042
5072
9375
8855
9964
5302
4946
6179
5981
4077
7378
8998
4237
4290
5176
9643
7048
9380
4461
9534
5534
6850
9919
8649
8919
5925
8074
9822
9330
5781
4480
5652
5421
8857
5801
5747
4015
6625
5168
5651
6663
5804
4098
7301
7831
8521
9174
4181
7545
4121
9517
8295
8153
8330
8888
6982
8997
8543
7585
7409
5934
7501
6971
4063
7014
4093
8307
5656
7056
6672
5592
4676
6510
9811
8578
6628
4975
8859
6489
5624
9138
9664
4579
5089
9813
9564
7955
7570
8796
9223
8688
5864
5697
5300
8866
4151
4910
7833
7134
5714
4779
7961
6793
9435
8699
9836
6589
7191
8972
7051
4610
4357
6640
8701
7882
4920
9881
9602
5240
7655
7198
5295
5707
9450
7313
5854
9916
9039
9012
8816
9031
6047
7091
5147
4468
7669
8203
7093
4390
8627
5743
7982
4296
9176
6162
6599
6890
8342
4069
9917
6726
4476
4972
7487
8078
5232
9569
9730
6238
7647
9177
9383
4727
5440
8511
5428
5602
5894
9653
4961
6718
5559
5518
9888
4530
9807
6492
5718
7331
4342
8783
7648
8264
7699
8451
4422
6330
9953
9961
9667
5597
5575
4283
9255
5426
9905
9847
8881
7612
5653
5867
5165
5058
4698
5418
7083
4866
8268
4438
7991
5733
9073
8305
9536
6036
9303
7755
4299
6952
4004
7676
6761
4156
4798
8046
6687
6574
8566
7625
7935
8737
9242
6676
4854
9720
6576
6715
8082
5642
5292
7064
6605
7598
4591
6392
7163
8402
7309
8017
6608
4333
9340
6846
4588
7662
7181
7285
6430
5313
6973
5304
5675
7849
4758
4807
7797
5540
8877
9629
9204
9125
5416
8684
4229
9937
9493
9244
7489
8990
9029
7695
6468
4978
8526
9484
9727
9230
5677
6154
6822
4968
8392
5710
5185
4790
5538
9858
8058
6188
6713
6748
4439
7184
8673
5227
8923
5223
9956
8393
8952
6298
7355
8765
6669
6833
9558
7165
4704
7624
5098
7657
4966
9606
4105
9592
4110
7890
4248
6196
9089
5063
9183
7013
7369
9461
4523
4883
8255
9402
9642
7525
8535
7032
5475
4194
8678
5339
5611
7398
8022
6394
6347
9724
7121
4316
7791
6428
8844
6004
4273
9777
6058
9605
8142
4521
5414
8834
5836
6126
8349
7296
7371
8338
8369
4213
7568
5906
9091
4203
9718
8139
4716
8544
8944
7620
7017
4660
8384
4904
7062
9479
6921
7978
9774
7779
9074
9245
6139
5219
7710
8956
6485
8133
5789
9561
4381
4106
8266
4490
7770
7446
8112
9212
5417
9096
9301
6990
4708
6980
9889
9418
9672
8188
4119
7507
4417
6378
7835
5314
9582
9786
9270
9647
8372
9532
5023
5633
9514
7139
6776
6399
8801
7765
4214
8536
8116
7845
7172
5716
6265
8303
8210
4670
8612
9626
4730
8202
7824
4843
4678
6216
5569
5506
8360
8926
8453
7164
9526
4284
4230
5648
8971
8159
7987
9018
7231
6689
5661
9302
5590
7412
7020
7560
8490
5353
6642
4386
9997
6923
4022
8876
5574
5666
4685
4138
8110
4929
4625
8713
5977
7271
6930
7817
6348
6786
8089
9192
5626
5795
7687
9327
4056
7837
7547
5059
4326
6171
7385
6967
8744
4171
9715
7103
9194
5267
9596
8018
5674
6583
7734
5344
7454
8630
4305
5528
9877
7786
8979
9403
8324
9705
6977
6142
7883
4925
6305
8841
9206
7970
4828
5136
8339
9345
5507
5307
5935
6057
8947
8088
5669
5948
5401
8889
5963
7749
9317
5681
5649
7150
9711
6301
6312
8132
5879
7465
6377
7283
4888
8144
9282
7678
6487
6491
5876
8371
7719
6288
7216
8285
8013
5640
8173
9633
8028
5462
6708
7106
5318
5261
6856
7938
7280
6684
9494
6067
5824
5413
4822
9896
7450
5438
8498
7619
7233
5813
4331
6318
8003
7332
7843
6639
8856
7732
6300
6205
5923
7176
7080
7825
8822
8385
6985
9967
4388
6592
4164
4503
9060
4092
5196
4249
5616
9315
7672
8117
6963
6722
5372
5493
4856
8551
9124
5420
7194
5950
5994
6854
7023
4192
6707
7422
6632
6122
7407
6555
9251
6101
6089
9102
6364
5554
6815
7031
5285
7608
5619
6514
5269
6861
9364
7679
5967
4334
6207
6636
7729
8959
8964
5990
5947
9996
5476
5255
8164
9560
4912
9115
9258
9729
7053
7801
6338
6979
9490
9042
8482
6325
7733
9225
7251
4667
4235
5672
9661
6561
6892
9537
4710
4896
7360
5866
4397
7898
9070
6873
9782
6112
9803
8887
4382
7089
8124
8024
7281
9286
4143
7486
7341
6620
6260
8248
6266
5274
5704
9704
8619
6759
5502
7830
4392
9900
5581
5719
8230
4513
5859
5741
6919
9761
4449
4973
4573
5211
4082
8436
8519
8288
9013
9686
5323
7073
8811
6246
8778
9563
6763
6463
4307
8481
4781
6616
5279
6427
4199
4786
8331
6286
6603
6049
5085
8749
8556
6915
6758
7142
9324
8601
6571
8850
6337
5381
8537
6691
9918
9496
8180
6452
8885
5498
8607
7127
5149
4076
8027
8514
8480
7411
9587
7036
6297
8040
7414
5450
7562
5584
6768
9118
4134
4974
5142
9586
5325
6074
9851
8179
4169
6817
4952
9804
7707
8043
4374
8870
8860
9357
4778
8729
6951
8791
7688
6390
4808
4127
6849
8052
8069
9963
9766
6678
6351
8401
4187
6291
5706
4050
9549
7125
7686
6699
9974
5517
4053
6747
8440
8666
8821
6353
9638
7958
7505
9787
8254
5386
9748
7037
5952
7358
4297
8054
6610
4551
7263
4971
5858
9217
9623
5282
8302
5447
5657
7180
4922
4931
6780
4673
7999
9438
6735
6910
7207
4109
5005
4024
4700
4193
7630
4136
9894
5909
7445
9500
7736
5758
8787
9867
8497
9791
7674
9524
9843
4012
7218
4444
9666
9154
8059
4319
4809
6941
8313
9179
9011
7116
4073
8703
6087
6933
7969
6116
6336
6762
5306
6695
8542
8680
5628
7289
7947
7530
9599
8356
7792
7383
4205
8417
7873
5645
5243
8406
9416
8994
6387
7390
4956
9634
8316
9946
8879
4882
8276
4044
5738
4897
9600
9854
8640
5840
9616
6476
8643
8954
7753
5972
8693
8802
5820
6009
4528
7395
7389
5809
5763
4245
5678
9771
4170
4502
5543
7876
6029
9156
6751
6360
4450
8823
4225
4901
6363
4923
8328
5443
5636
5608
8568
6447
4859
9641
9198
7889
7136
9006
9370
4702
9297
5863
7540
9311
4806
5245
5811
7663
4663
6550
7775
7640
7894
5218
4310
4210
9205
7024
4656
6986
8494
6376
9741
9130
4826
7984
7769
8118
7443
6256
6859
6290
7147
8208
6785
6677
9051
9659
6506
5012
5029
8212
9947
4592
5772
4179
9545
4690
8111
7863
9248
7741
9451
8685
8256
6217
7515
7144
4990
7887
6647
7858
5531
8587
8011
4209
8897
5713
4701
9299
7380
9708
4799
7349
7976
6809
5179
9159
4860
5596
6065
8363
6223
8772
7367
8606
5959
4475
7273
9332
5191
5802
4418
7291
8883
9105
7704
6602
9875
6384
8621
6960
4960
6494
5622
7312
6368
9232
5311
5949
9358
4291
6673
9319
7169
7319
6838
9274
8426
6914
4555
5436
5338
6304
8496
9050
6429
5017
6634
7590
5882
9948
8847
5375
6381
5641
8575
7138
6289
9387
9002
9914
7212
5551
4218
4814
6165
4080
8274
8550
6255
9400
7874
5646
8487
6283
6543
9097
7434
7968
8985
7256
4485
6105
5860
7334
6356
5340
6124
8852
8709
9320
7284
5254
7314
4208
6955
5242
4269
4693
8443
7848
6568
4606
6652
6014
5509
5892
4951
7692
9909
4040
4711
8982
6465
7269
8835
6688
8403
6267
4030
4930
7337
4383
9547
6438
4279
6644
6737
7643
9428
5954
5851
9738
5724
7682
5070
5594
7227
9048
4565
7090
8063
9770
4878
9603
7709
8604
4765
9112
5106
8140
4246
7829
6828
5336
7323
7628
9930
5875
7431
8803
7939
5752
8025
9578
5415
6183
7725
7716
4309
9219
9726
7696
4142
7219
7428
5562
8483
9372
7209
9991
6885
5849
8241
9009
5045
4865
8809
9259
6560
6680
4355
9910
4224
6098
6030
8565
7768
9443
6975
5086
7213
9207
8574
8572
5898
8026
9236
6073
8593
5831
4025
6869
8945
9794
6549
9584
5214
9454
7591
9728
4598
4460
4651
5780
8596
5485
6066
4684
4009
9068
7404
6323
5703
5827
9261
8508
4619
7333
8070
6808
9604
8636
4380
7737
9658
8353
7464
8333
7439
4428
9197
7937
5174
4771
6062
6868
4789
5327
4177
6714
6402
5126
7196
5690
7727
5039
7666
4948
8548
5527
4745
4768
4395
9725
5271
5843
6198
7432
8128
8182
5926
8125
8358
5748
7586
7039
7192
8190
6230
5322
9942
5296
4766
6285
4724
5932
6840
8014
7490
7925
5786
9898
7979
6374
4957
9987
5205
9895
7604
8234
5160
4784
4409
6100
5940
6881
4446
9703
7102
6424
7149
6962
8186
8352
7119
5721
5796
9850
6032
8846
6779
6814
6373
8240
4959
5097
9978
6025
4014
5178
8546
5275
8075
5171
6160
5685
9983
4728
6546
4370
6562
7098
6643
5944
9335
7108
4162
8442
8168
6798
4016
6532
7327
4117
5006
5020
8271
5345
8291
5658
5069
4469
4391
9901
5798
5432
6287
4898
5773
7815
5202
5761
8314
8391
8799
4433
8906
6837
9959
7099
6810
4981
4767
8815
4207
7757
9571
6220
9827
9670
6270
8000
8700
8259
5370
6244
4636
6052
4585
6557
8600
8429
4526
4070
7564
8742
5038
6787
4759
6078
9709
4893
5676
4049
8583
5284
6303
6865
8126
8311
9243
4997
6731
8898
7096
8603
7253
4515
8002
8667
8715
5083
9576
4099
4519
8439
6513
4976
4454
4862
8354
9272
7485
6316
7920
4841
7899
7453
5489
7448
8503
9092
4315
6131
9187
9146
6969
9300
9322
8404
4470
9389
4992
9528
6068
5904
5268
8531
8103
5246
9846
8695
7447
8215
5511
5734
6242
4362
9386
8571
5890
4543
7943
6566
9094
8854
9149
9273
8894
5455
8672
5320
9839
9627
5308
4849
9972
4775
6232
4264
8048
6076
6453
4861
7941
6389
6774
7777
7159
9463
9928
9049
9516
4703
8107
5889
7995
9072
9955
8425
6732
8445
5670
6770
4792
9037
7451
4717
7303
4805
6059
4802
9610
9657
4295
8663
4112
8940
8021
9145
7003
8273
9859
9448
8317
6284
8670
7370
5050
5053
9362
5861
6908
8586
4616
7536
7393
4795
4223
6383
4268
9936
8418
6355
4298
5241
9191
5689
8067
4287
5695
8424
7479
8830
7554
8001
7992
4738
8928
6446
4158
8147
4935
7534
4894
8211
8517
9067
8718
7702
5705
5673
4455
8115
5635
8336
9758
8719
8218
5457
9751
8057
6156
5262
7742
7160
7304
5604
7201
9279
4817
7365
4900
6275
6734
6109
4958
4401
4152
7747
6271
5855
5850
8824
5303
8432
7143
7366
7875
5655
9365
8281
9530
7035
5281
9692
9970
9429
8651
7932
8747
4624
6028
8624
5943
9975
6775
7892
8617
7957
8450
9597
4226
4877
9755
4452
9714
8694
6317
4553
5407
9648
9872
8616
5953
6587
6556
7989
7782
6750
6839
7834
9440
7985
4001
8523
7802
7236
6352
9614
8039
9397
8035
4031
6795
4255
9973
9133
9439
6606
4556
5159
8555
5130
6157
8325
4810
8825
4980
9533
4964
6789
7861
7373
5711
4286
6825
8775
6141
6436
6662
6600
4719
4271
4532
5431
9047
6354
5228
8134
7745
4115
4671
7927
4979
6038
9398
8814
6927
7376
8228
6685
9265
4772
5975
6479
4514
7424
7634
9107
8958
9474
5456
6272
9111
6745
5821
7415
7018
4045
8763
7413
9412
7382
4491
6021
4341
7140
6017
7396
4820
6279
7864
8206
6221
8804
9359
6024
4932
7588
8323
9016
5430
8267
6408
9422
7183
8423
9518
6237
9856
8966
7474
8986
8492
5941
9621
5610
8692
6974
4078
6208
5599
5765
5558
6720
7135
5504
5782
9470
9698
6771
8541
7239
7095
7706
9069
4302
9405
6936
5794
5865
6362
5203
5992
6898
6050
8279
9163
8795
7101
7543
5473
5912
9467
4926
7504
6635
8637
6005
8005
4566
6508
9722
8127
6511
8379
4363
9835
4351
7359
9214
6649
7818
4338
5671
9513
5004
4642
4842
6855
8918
9776
8060
4552
6349
6282
5360
6547
4335
7011
7129
6984
6416
5487
4120
5283
6462
7579
4288
4308
9719
8165
8554
9147
5259
8757
4211
6895
7028
5437
5833
9879
6152
7996
9660
6765
4580
4376
7986
6015
5184
5367
7990
6470
6293
9075
4876
4420
4079
4903
6147
5687
9137
9933
7670
9492
5387
6834
7137
8658
9609
8044
9790
7705
9024
7739
5235
4250
5390
7645
8819
5737
7832
9167
7891
4714
5688
5209
6417
7117
9662
8687
7275
8245
5486
8901
8582
7002
6258
5158
8394
4281
5914
9498
7698
6916
7167
9552
9749
6742
8207
8501
4440
5221
9226
4658
6187
9954
4424
6181
4986
9912
4509
8102
5812
8216
4005
6516
5461
8893
8781
6981
6222
9425
4677
7928
5036
6515
9848
4254
4457
4649
6007
4618
9104
8150
7602
7885
4950
6437
7484
6903
5573
8753
6346
5553
4385
9805
9723
5720
9763
5092
6996
8194
7578
7923
6457
9840
5230
6529
6102
4090
8865
5079
9078
7478
4157
4104
4742
5348
5128
9120
10000
9713
7521
5442
7005
7850
7582
8563
5996
9026
9568
7557
8101
4535
4718
9460
7636
8639
9211
5971
7120
4414
8113
9683
7651
6345
9927
4550
8899
6420
6170
4531
5033
4497
5709
7307
5979
6251
7208
5964
9034
7372
9384
9965
4549
8589
6654
6443
9680
6480
5744
9990
4089
6410
7416
7592
7328
4100
6741
7368
8564
5234
5330
9701
8632
5479
9613
4995
8558
4421
5762
6099
8861
6604
5349
5787
8652
6001
6862
8198
6302
7379
6306
4220
9257
7008
4939
8051
4517
6613
9594
7492
9504
7641
6499
7587
8914
5393
4776
4321
4451
6867
7809
9028
7642
9023
8576
9406
8390
4681
7998
9246
4524
4895
9637
9464
9497
9555
5939
6473
9817
8611
7438
6080
8065
4182
4943
6314
8707
9379
8298
7535
6871
4188
5880
7034
6169
9129
7361
8357
9646
4236
6324
6319
4488
5623
9368
7916
5134
9085
5049
8412
5009
9155
8341
7781
6103
5402
9313
8421
6703
9949
8602
7537
7107
8712
6968
9203
5842
8650
5800
4202
5546
8416
7595
8290
7324
8156
5503
8993
7458
8104
8696
5615
5818
6415
7909
6182
7924
7503
8916
9989
5187
4803
6294
9980
6536
5334
7618
5350
5463
9122
7029
6210
8321
5250
6542
6044
4801
8370
7340
5834
7872
4557
5991
8882
4749
7804
9186
8798
8662
5901
5505
9249
5183
8368
8728
4019
9601
5588
8033
6449
4462
8176
6280
8909
5561
4149
5873
9739
9543
5767
5329
9276
9263
9831
7066
7498
4358
6657
4560
4416
4983
7983
9338
8931
7316
9915
9710
9935
7684
5112
6046
6153
9767
7311
7203
5917
5247
5352
4154
6034
4740
9924
8890
7462
7980
7870
8318
4713
6754
8656
8613
8469
8253
7115
6614
7758
7425
4137
4880
4340
7599
5815
5361
6173
8149
7469
5132
8278
5870
6016
8167
6149
5965
7001
4228
5491
5316
5936
5290
9088
6949
8041
9731
4432
8532
4124
8204
5679
9046
9806
8813
9414
5264
7945
8478
4219
6716
9801
4635
8396
9590
7065
4512
5374
6464
8091
6937
8346
7541
4872
7388
5111
7009
8448
8540
6299
8252
8767
6631
5044
8629
6843
7499
8221
6917
7182
8786
7177
4465
5769
9346
6239
9940
7050
8939
9014
9503
9999
9056
4133
4456
6813
7694
5392
9581
7605
4604
6619
7202
5515
4122
9298
9789
4572
4377
6495
9079
6740
8258
5542
6879
6519
8915
4869
8098
4596
8499
6281
4873
6832
6371
7179
6507
7539
7513
6500
4621
8485
6386
4916
8874
5064
6505
4782
8284
5951
6292
7622
4712
5119
8676
8408
4148
5803
6764
9654
8929
9377
5148
8645
9101
4434
6094
8867
7049
8306
6841
5600
7262
5081
4832
5916
9994
5736
6328
4278
7480
5030
4150
4516
6012
5757
6385
5838
6144
7697
7190
4400
7715
7175
8573
4057
5333
6803
6736
7019
5871
8665
6277
8409
4168
7773
9431
9768
5025
6791
7230
7805
5529
8247
9712
5805
9765
6593
8726
6665
6845
9707
7906
9139
7930
4692
4762
7756
9769
8400
7853
6906
7738
8978
4725
4165
8405
7158
6682
5346
8193
8227
8105
6195
8096
9390
7356
6440
5570
4423
8987
9977
4221
4398
8083
5448
6180
6000
4988
6618
5154
8721
9355
5746
9841
4796
5193
4033
7460
4756
8238
5508
5514
9570
4498
4060
4481
6213
8475
4691
8261
6095
4721
6704
5961
9061
9449
5379
9213
8934
7767
6681
6365
7565
4277
7494
5966
5471
4726
4367
9481
9908
5877
9000
4379
5853
4239
5397
6411
5019
5120
4686
5071
7827
4010
6442
6928
4755
8785
6939
5785
5698
8674
4046
7563
4864
9293
4017
4419
6082
9015
7488
7621
7267
9001
9757
8907
9331
6991
6405
6022
8851
7286
5830
7712
7320
8628
7746
8479
7671
9689
8456
5014
6459
6702
4628
8706
8155
4039
5654
5664
8766
8932
6401
9671
4794
7721
8560
7473
4845
7060
5481
7047
8280
6806
9525
4561
6278
5276
9816
7577
6186
4467
9381
4065
5406
6159
8948
8183
7467
5510
6191
9238
5603
4541
9612
5094
9550
4384
6309
8085
7329
4609
7436
4949
5100
8840
7247
7082
8398
9030
5826
9135
4715
6992
5331
7520
6581
6650
9234
8223
7617
4361
4914
4378
4666
4314
7516
6989
4811
5222
9323
5477
8061
6721
4493
7186
5548
6023
9095
6645
4575
5537
5620
7901
9652
5037
6719
4751
5405
9098
9071
7963
4336
7538
8491
8904
4261
5220
7199
6261
6667
5278
7114
5122
8222
4741
6651
5872
9899
9934
4185
7902
6896
9951
9153
6947
9823
9982
6844
6842
4586
9820
9473
4653
8794
9572
8171
4825
6435
6883
9043
4953
8422
9611
4918
7820
6824
6262
9849
9045
6135
7495
8955
7638
9178
6458
5434
5784
8488
8137
5700
6341
7033
6590
6460
7215
7400
8378
4174
4263
7250
9132
6475
9126
7427
6125
5708
5215
5164
4750
7403
6168
5563
5643
6559
7455
4043
5068
4631
9574
8731
5034
5383
4471
4118
8462
6694
8315
6567
7429
6466
5256
6092
4441
4130
8457
9810
8413
5139
7221
6269
7364
6118
4674
5236
6111
5408
4558
5832
8839
9893
7113
5807
9962
5969
4091
5146
7743
5244
7942
8837
6679
6412
7552
4504
5380
6520
7549
8136
9444
8727
8748
5532
4564
7433
6530
9144
9676
5928
8529
8740
6357
4982
9469
8217
4312
4332
8910
9721
6391
4147
7482
8746
7401
9489
9624
6382
6526
5726
7685
5985
5213
7689
5478
5886
4587
5550
7069
6876
6717
7806
9478
4829
6624
4664
5777
9833
4885
4911
7974
5617
5439
5321
7637
8827
4292
4602
7921
7118
7946
9283
5000
6113
6448
4827
7762
9181
8292
8297
4034
4595
7542
4846
7100
8642
7785
4787
6598
5775
8922
6070
9363
5257
9411
6744
6075
6403
9106
7068
8010
7940
8527
5435
5771
7459
7386
6039
4644
8917
4850
4107
7594
4324
7476
5893
7241
6393
4548
6071
5105
4571
8759
8509
9200
9828
7088
8626
4304
9452
8720
5987
8289
9374
4135
6586
8515
9883
7971
9542
7639
5394
7061
9169
6423
8287
4831
8260
9326
6612
4994
5175
5694
9897
7457
6167
4274
9539
6630
4306
8625
9772
8605
6048
6946
7240
4594
4083
4473
5701
9003
4837
4542
6698
4567
8965
4445
6889
6877
5908
6945
9844
6944
9506
5347
8213
9349
8873
9148
4753
6904
5144
6743
7808
6369
4067
8374
9984
8471
7842
9099
8359
6398
4153
7994
7654
5315
5557
8547
6143
8913
6064
4393
7934
6783
4942
7054
9995
8250
9535
7272
5696
9870
9976
5595
5173
9904
5317
6656
9305
8843
4760
5884
8219
9430
6400
5567
8512
8664
6504
5667
5444
7701
7748
6455
8334
6978
6794
7531
4539
5301
7813
9663
7800
6252
9021
6150
4155
7711
7006
7441
6696
8304
5138
7523
8902
4479
8806
7097
9216
8569
6821
5288
9210
5668
4816
4131
9059
6541
9681
8019
5091
5793
5732
6880
6215
5109
7282
9760
7070
7132
8788
8034
5760
4529
5470
4350
8924
9486
9224
4303
7718
5095
5605
9752
7852
4945
8614
9651
6498
9992
6117
7886
5976
4608
7960
8988
9433
4695
9697
8562
8730
9424
8723
6245
8441
5544
9890
4032
9084
4584
9699
7041
6658
7862
9700
5810
5968
6379
6922
6686
7466
8530
4969
9360
8912
9798
9747
9639
8702
6483
5369
4870
7866
7222
5490
6570
7879
8169
4977
6137
9062
7122
9233
5663
4495
9388
9312
4634
6235
7839
7855
8269
6329
5366
8038
6693
5341
6190
9562
6145
5355
7856
9395
5403
5224
7893
5151
7392
7265
6788
8725
7868
7548
6920
9269
7325
9333
9800
8050
6935
5207
5297
6757
5364
7200
9316
6564
8933
9378
7345
6723
4739
7880
7430
5326
6660
7112
4270
5424
6766
8828
8162
9057
5198
7635
6730
9228
8004
7279
9631
7204
8733
8023
7161
9019
6797
8434
6724
6728
7720
9121
5208
6836
5251
7518
9515
4746
8976
6575
5844
8608
8257
6878
9033
4103
7079
8467
4035
8754
7350
9735
6163
7918
9471
4632
5579
8086
5273
6801
6897
5516
4879
8717
7878
6132
5101
5989
7435
4318
6601
6008
9742
7063
7437
6040
7491
4614
7975
4166
7015
8513
6148
8849
4058
4899
4139
5024
6829
9783
6201
4665
4359
5469
7156
7310
9620
6340
9969
8862
5984
9437
8853
9131
6700
5389
5010
9090
6176
8736
8158
6584
9455
5577
8093
5121
4607
9864
9678
9684
5888
6107
8087
7972
6569
5458
5342
6509
7828
4387
7237
4061
4448
8980
5920
7094
9247
9589
7728
7904
8468
9417
4679
9830
7384
4970
5958
4499
7130
6134
5074
5133
8464
4652
5217
8383
5055
8231
8892
9064
4240
6905
6648
9110
4113
5520
7822
5051
8365
4522
8818
9157
8032
8072
4533
7353
5891
6926
6490
8734
6545
4038
5210
5382
8073
7965
5513
7197
4123
9740
8277
6359
4487
8941
5835
4985
9423
8995
8172
8296
4840
5957
4184
5080
7677
8430
6988
9565
4325
8455
5129
9199
6263
4627
9394
8991
7506
4947
8283
7776
5229
9108
8675
6534
6493
8528
9499
9004
8808
9266
4834
9239
4672
7627
5008
9861
4125
5883
4562
5686
9819
6796
4405
5328
4669
8135
6958
5385
5441
4071
6913
6655
9488
5770
6540
6366
8937
4993
6333
7659
4773
9950
4353
6623
8638
7426
5650
9307
9502
5078
7133
5754
6812
4833
8095
8209
5266
8049
5022
7292
5192
4637
4327
4369
7838
4163
7242
5881
5848
4615
4611
9998
7726
7055
7603
7555
9341
4963
9491
7865
5067
9579
9505
6790
5454
8157
8233
6777
8224
6858
5197
6580
6096
4735
7794
5895
4783
9453
9632
6234
7288
8668
7294
4919
6086
7336
6851
5075
9188
8435
5156
9151
9025
8884
4906
7072
7022
6233
4962
6522
4206
6558
4365
5157
8163
7606
5524
9958
8367
6697
7553
7363
9087
8079
8300
4459
9929
9544
5825
9382
7481
9373
5263
6224
6469
8500
4835
8868
8229
4173
9385
5102
8090
4605
9465
9860
7260
7354
4429
4322
5125
4241
7224
7790
7740
7533
9520
9005
9876
8437
7897
6548
8657
6528
7510
8858
7613
6931
5823
7496
5791
7470
5113
5552
6276
5399
7903
5494
5359
6733
6831
7157
9575
5541
4216
6518
7609
5839
4507
9880
8187
5117
7922
9808
5841
8062
4349
9886
7766
4344
7566
6692
9608
9041
4425
6884
6035
4881
7953
8875
6802
7750
7675
5395
6259
6161
6607
9196
5200
7589
4161
4343
4486
5910
6823
8524
8200
6178
9080
8472
5110
6668
7030
4683
5530
5096
7348
5712
7915
6477
9268
6020
7264
8495
8327
4337
4301
7232
7722
4824
9522
5568
7691
9141
9229
5040
5343
6902
9591
9334
4659
4538
8938
7193
6257
9267
7811
5924
6192
7680
4623
7847
7751
7919
7789
6894
8377
6254
6853
7255
8771
9408
6965
9128
5172
8309
4633
4823
4620
6203
8520
4200
5729
8015
5922
4410
8969
5002
8539
5929
4191
4366
9668
8920
9256
9308
4132
5585
4813
5084
6959
4884
7357
9260
5519
4002
6227
6434
4088
7131
8545
9281
7926
6043
6799
6573
9567
7084
4996
4537
4146
4630
4140
6710
8812
5337
8066
5018
4706
4064
5612
7449
7377
8930
8106
6899
4662
8755
7004
7780
8355
5847
8470
7836
4356
6372
9426
5535
5280
4568
6633
4144
4023
4180
7584
8793
5970
7631
9778
9391
6343
9736
6414
9392
5412
7573
6247
7905
6209
7787
5638
5735
4329
9716
9344
9318
9201
6174
6129
6431
4867
7601
8301
8805
5090
8780
9036
5161
4021
8242
9944
5918
7690
4275
5539
5856
8609
4858
8361
6820
7423
4412
5817
6045
6711
8507
7514
8428
5988
6579
6970
4965
7700
6296
8756
4915
7077
6097
8146
9262
7075
5522
9142
6264
6225
8936
9857
6358
9871
8832
5272
9687
9674
6537
6503
8395
5913
7246
9081
6013
8343
4183
9845
9285
8265
9221
4243
4848
7668
8312
4818
6133
5692
4041
5258
6307
9656
7290
8599
7681
9195
6194
5114
9328
9083
8347
4222
9222
8337
8386
5993
8282
7610
4411
9109
6127
5108
8244
8446
9649
4293
4339
7111
8992
4546
5127
6334
9868
6226
6755
5003
8525
9342
9926
5488
7322
4722
4940
9855
5449
8375
9427
9343
8397
4006
6315
4601
8769
7123
4227
4472
4821
5358
8080
6339
8705
9903
5082
7352
5041
4116
6874
5662
5547
5609
4311
6778
5740
9553
5691
8195
9020
9932
7772
6887
5722
8646
7442
7185
5400
7551
6461
6439
6563
5995
6615
7046
7330
4048
7559
6872
8633
8584
4427
8743
8580
5927
9371
9644
7558
8886
9401
6870
7593
6370
7210
4589
9952
8170
8249
8895
9501
8362
6019
8029
9510
6003
7962
6531
9862
8921
6422
5265
4510
6380
4593
9040
5194
7058
5930
7910
5644
4675
9529
9436
9314
9175
5482
9635
8486
5756
7195
7569
5239
8382
8120
7754
8177
9809
7844
6250
9393
8226
4280
4087
9010
8151
8686
9140
9874
7944
5365
8622
7128
8175
5057
8076
6193
7463
9127
7475
4857
8669
7248
4466
5745
7085
4330
7257
6976
6671
9688
8641
9906
7444
7933
6467
4928
4262
4442
8477
6069
4345
5715
7527
9123
7109
6140
6236
5618
7027
5131
8826
5061
6551
4936
9559
6893
6342
4791
4458
4907
9685
5411
9076
9325
4396
8008
6158
8553
8942
4909
5028
7626
8682
5015
5665
9348
4407
6474
6553
7397
6983
8246
7026
7268
6027
9208
4506
9551
8263
6130
8438
9986
4890
9347
5598
5238
6901
9618
7217
4647
6539
5088
5634
4998
9694
9361
7914
6886
5874
6350
9296
4348
6957
8275
6115
8871
6138
4007
7042
8138
4373
5606
4800
4371
6637
5980
7406
4234
5613
9508
8345
4757
5007
6229
9521
9911
9264
7714
8927
9150
6929
8891
4527
8618
6274
6185
7644
5659
6172
6705
9231
7997
8181
5684
6175
5204
9189
4892
6197
4793
8141
9420
6912
9458
8996
5560
9100
5591
4489
4317
4018
9696
5427
9580
5152
5305
6326
6056
4987
8903
5474
8092
6863
8036
9891
6966
7421
9035
5396
9815
5962
8012
5819
9988
6344
8461
6310
5905
6932
8896
5731
7394
4501
9925
9593
9483
4518
9477
8863
8020
4129
9404
9645
7012
6388
7759
7493
4054
6585
9407
7052
9202
7529
4650
6627
6308
7981
5124
4430
6594
7854
6486
6767
5104
5032
4217
6273
6418
6533
6772
6690
7859
7840
6450
6033
7583
4252
9253
7278
6591
7417
6911
7913
8745
6816
4484
5216
7243
9826
6077
4927
8999
9289
7344
5453
4570
4577
5660
5298
9466
7761
7223
6670
8100
7162
5409
9044
5155
9114
5162
4265
7076
7038
4126
6177
7305
9354
6240
8951
6595
7321
6998
6199
9116
6956
7270
6218
8594
5978
6212
9336
7044
9869
4244
6729
8506
4743
5938
4613
7205
6646
9290
9170
6683
7228
8310
8659
9585
9939
4600
8647
9468
9240
4905
7418
6938
5999
5480
7717
5335
4641
4431
8974
9065
8739
5287
5986
5177
7145
4785
8648
8225
5751
8591
7166
9182
6819
8319
9818
9066
8789
8838
4744
5294
4763
6055
5363
5919
6311
5587
9931
7774
5495
6228
5852
8552
5625
8983
4732
5312
6964
4027
8829
5997
8683
9902
8671
4267
7399
6760
7949
7948
4413
4576
6664
8957
8447
4933
5717
7362
6018
7174
9103
7649
8836
8460
8031
6482
4520
8577
5911
8419
5054
4694
6847
7342
4047
9690
6241
7900
4687
4769
7086
9027
7214
5319
5001
4026
5828
8631
6061
9588
4494
6782
8797
8201
9759
9540
9548
6404
7550
9734
5682
5637
7661
6582
4534
7408
9832
6826
8121
4059
6083
5739
5182
8708
4028
8009
4797
5419
8949
4908
7512
7245
5293
4638
8984
8131
7339
7335
8399
8387
6091
4389
5998
9745
9733
6987
4062
6852
5066
8977
9472
6121
8724
4875
8465
5982
4095
9812
7500
9785
9165
5087
9842
9921
5499
5921
4447
5555
6320
9873
5143
8214
7306
9512
9119
4559
7814
6725
4352
7931
7258
9447
5362
9957
5931
5076
7665
9527
5201
9702
8380
7846
5915
5955
5631
7071
8007
9814
8567
8655
8620
8714
7293
4540
5755
7178
6395
4068
9480
5150
5356
5398
8197
5614
5693
5065
8097
5774
9780
8764
9884
7851
5170
5384
8653
4251
5753
4688
6268
4198
7524
8538
4197
6426
9053
5583
8220
5766
4736
4544
9172
7607
7731
8476
5099
8154
8143
9434
7656
8833
5433
8449
7308
6321
5525
8869
7211
9799
7508
7010
7483
8308
7967
4731
5260
9577
9237
6934
6752
7816
7419
9756
7410
9032
7807
8262
7988
9779
4921
9284
6596
6488
5252
8458
4294
5799
8232
7611
8872
8045
9695
9885
7300
9622
8516
7016
5956
4924
4500
5571
5601
4629
7730
5277
9834
6054
9227
5900
9038
9878
5052
7632
4426
9366
7346
5046
9093
9619
7580
5021
4232
8900
7234
7795
6753
7667
8691
7895
6481
8123
8953
5496
5521
7298
9743
6756
4603
6072
9485
7788
9008
8677
9838
9442
8373
4190
6572
9337
7188
9788
9022
8950
4764
9821
4464
6093
7189
5903
4697
4402
6011
9376
6104
4399
5630
6611
8466
9781
5797
4839
9288
6818
5816
4003
8364
5483
7600
8410
8973
5310
7954
4404
4583
4276
6739
4075
4709
8946
8751
4141
8474
6804
5723
5047
4902
5907
7556
6119
5410
5788
5484
8697
8293
6544
6114
6335
5549
5942
5899
5231
6084
6361
8864
5778
5497
6609
8473
5790
9218
8199
6521
9160
9462
9753
9825
4582
5501
4705
9475
7057
4830
4102
7420
5459
6641
9793
8761
7235
6331
9329
5725
8320
9943
9054
9556
4941
6002
9287
5621
6807
4887
8732
7104
8975
6407
4852
5887
4029
5727
9837
8388
5043
9339
7402
5468
4955
9415
8925
6675
9280
6151
9538
4999
4574
5016
8534
7575
7152
7653
9086
6313
4172
5639
8463
9519
9252
9168
7092
6709
9764
4780
4937
4508
5388
6184
7956
5062
4257
8299
7658
9457
7973
7596
4844
4375
5730
6524
6972
8762
7532
6063
9152
9190
8579
8493
8522
6924
7477
6295
7347
6332
4453
9675
7375
4729
9546
7226
8184
6120
6108
6204
8722
7810
4474
4612
4477
5974
9717
4066
4913
5702
7059
9775
7572
9143
7171
5103
5699
4443
7650
4114
9595
5580
7295
9441
6409
9184
5607
8935
5135
5845
6535
7318
9220
5460
4011
7799
6888
8030
4128
6026
6200
7911
6993
4051
8006
6554
5523
4917
8237
8286
4238
5576
6997
7841
8053
6811
7744
7693
4313
6375
7170
7141
5357
8963
7343
5351
4403
6441
7869
6079
4406
6621
8502
9979
5371
4266
9732
8711
5526
8459
5225
4804
6523
8084
7877
7597
7951
5332
7798
8411
7783
6088
9082
7917
9866
7471
7259
7351
5376
8792
8615
7387
5683
7511
8109
7317
5467
4747
4891
6421
5897
4752
6249
7252
6622
7950
9625
7735
8055
8427
7760
8099
9351
8366
9945
8433
4661
7763
8961
4851
5167
4084
7793
6397
9802
4072
9773
6396
7452
7936
5153
4094
6367
5862
8166
4282
4259
9938
7857
8738
6712
5445
6827
7581
6517
8831
7576
5289
8790
9941
8326
6848
8689
5960
7517
5946
5829
9250
4482
5077
4272
8415
4081
5060
4640
9796
4734
7497
6525
9166
6999
9792
6042
8108
9185
4696
7078
9981
9650
4436
7154
5566
8130
5373
7860
8081
9321
4886
7908
9446
8152
5452
5249
5750
5578
9459
7929
4590
4160
7110
4511
7526
4256
7571
8414
4347
9353
8842
7326
7683
5896
5035
7381
5680
5808
5857
4699
9706
6727
4074
8644
8243
5309
5846
4242
7528
5742
8381
7168
7912
4463
5983
6445
7871
7007
6041
9853
8533
5545
6010
7778
8272
6784
4354
5206
9566
8114
8344
8770
5822
5118
8588
8505
6110
5291
4863
7629
7752
6950
7074
4836
8504
9665
9421
5145
8845
5973
8236
6146
4617
8970
4547
8047
5137
8161
5253
9476
8042
6769
5189
8654
6940
7461
9509
5627
9063
8679
4492
8807
6037
4101
6484
5451
9487
4819
8773
6502
7151
9865
6322
5195
9254
9541
6781
8981
8235
4748
8634
4247
9829
6051
6875
6953
4215
8989
5115
7081
4496
9271
8016
8690
4645
4435
8820
5768
9278
9744
5354
4597
9134
7229
6243
8454
6588
5404
8196
9507
6211
7546
7254
9309
9356
5465
7660
6444
5181
9682
9482
9291
9161
4934
7287
7244
5299
6597
5180
4478
7266
5536
6629
8777
7881
8750
8251
8800
8908
7664
5749
5565
9630
9058
5226
4204
5806
9193
8716
5378
9636
8581
8185
4145
6527
9737
9295
9306
6891
9511
9746
8407
8878
5248
6472
6746
7025
6478
9277
9352
6327
5166
4055
6413
7509
5425
4578
8340
4720
5868
7502
9209
7673
9495
9784
7966
7187
5792
5107
4622
8752
7126
7220
4233
5572
4853
5013
4812
8911
9432
8119
4372
5937
8880
6857
7724
7907
7043
5073
9598
4415
8943
4707
6900
7440
9304
8484
7993
6994
6835
4111
5533
4847
9292
8205
6248
4733
4737
7803
5629
6942
4328
6948
4723
8590
8444
7249
4368
9158
9920
8239
4201
7646
8348
4569
5237
9882
7261
9396
4159
4289
4938
8192
9399
7374
6214
4871
4554
5512
7153
8329
5116
4788
8559
8660
9795
6166
7519
5837
6155
8595
4258
9583
7652
8518
7959
6128
6497
4167
9617
9693
8774
7723
5933
6406
6081
6943
7615
6552
8557
5472
4770
4013
9531
6864
4086
8064
6538
7522
4189
6661
7823
6907
8148
7225
5556
9017
7867
9173
8056
6053
9162
9445
7574
5869
9419
8489
4984
9055
4545
4991
6706
6471
